-0.00934
-0.01053
-0.00998
-0.01025
-0.00879
-0.00897
-0.00632
-0.00476
-0.00183
-0.00064
0.00165
0.00439
0.00549
0.007
0.00851
0.01053
0.01392
0.01767
0.02197
0.02568
0.0304
0.0325
0.03699
0.03836
0.04083
0.04079
0.0412
0.03973
0.03937
0.03699
0.0368
0.03488
0.03387
0.03259
0.0304
0.02802
0.02637
0.02376
0.02206
0.02097
0.01996
0.01913
0.01923
0.0184
0.01868
0.01776
0.01758
0.01694
0.01666
0.01593
0.01671
0.01538
0.01506
0.0152
0.01488
0.01318
0.01273
0.01089
0.00952
0.01355
0.01804
0.02142
0.02353
0.0233
0.01978
0.01648
0.01263
0.00842
0.00494
0.00092
-0.00238
-0.00504
-0.00746
-0.00842
-0.0087
-0.0087
-0.00806
-0.00797
-0.00696
-0.00609
-0.00476
-0.00394
-0.00238
0.00018
0.00243
0.00494
0.00883
0.01392
0.01886
0.02435
0.03131
0.03836
0.04504
0.05237
0.05951
0.06477
0.0694
0.07434
0.07654
0.07727
0.07919
0.07755
0.077
0.07727
0.0769
0.07498
0.07471
0.07123
0.07013
0.06757
0.06477
0.06271
0.06161
0.0601
0.05933
0.05754
0.05786
0.0564
0.05676
0.05695
0.0574
0.05878
0.06116
0.06482
0.06958
0.07462
0.08221
0.08972
0.09741
0.10547
0.11728
0.13225
0.14502
0.15729
0.16479
0.1685
0.17084
0.17079
0.17139
0.17084
0.17239
0.17175
0.17125
0.1712
0.16974
0.16956
0.16864
0.16873
0.1702
0.17125
0.17377
0.18027
0.18604
0.19102
0.1973
0.20279
0.20554
0.2049
0.20581
0.2054
0.20609
0.20691
0.20801
0.21039
0.21126
0.21277
0.21066
0.20911
0.20764
0.20517
0.20233
0.20018
0.19693
0.19336
0.19171
0.19098
0.19011
0.18896
0.1886
0.18782
0.18782
0.18732
0.18604
0.18365
0.18073
0.1777
0.17496
0.17455
0.17368
0.17505
0.17619
0.17926
0.18137
0.17944
0.17747
0.17542
0.17358
0.17294
0.17624
0.17706
0.17395
0.16772
0.15765
0.14763
0.13879
0.12891
0.1203
0.11041
0.10071
0.08981
0.078
0.06628
0.05438
0.04514
0.03571
0.02902
0.02371
0.02161
0.01959
0.01767
0.0162
0.01263
0.00806
0.00183
-0.00806
-0.01978
-0.03314
-0.04916
-0.06464
-0.08038
-0.09576
-0.1095
-0.12213
-0.13376
-0.14685
-0.15967
-0.17487
-0.18896
-0.20325
-0.21332
-0.2189
-0.22284
-0.22426
-0.22495
-0.22485
-0.22421
-0.22266
-0.21863
-0.21359
-0.20714
-0.19876
-0.19025
-0.18164
-0.17253
-0.16379
-0.15729
-0.15308
-0.1485
-0.14191
-0.13202
-0.12149
-0.11179
-0.10611
-0.10272
-0.10291
-0.10501
-0.10593
-0.10693
-0.10799
-0.10803
-0.10968
-0.11188
-0.11563
-0.11916
-0.12415
-0.13
-0.13321
-0.13614
-0.13751
-0.13733
-0.13623
-0.13275
-0.13037
-0.12726
-0.12634
-0.12662
-0.1322
-0.13834
-0.14099
-0.14255
-0.14062
-0.13637
-0.13133
-0.12543
-0.11865
-0.11096
-0.10565
-0.10162
-0.10071
-0.10126
-0.10364
-0.10657
-0.10895
-0.10886
-0.10876
-0.10675
-0.10382
-0.10007
-0.09741
-0.09412
-0.09082
-0.08917
-0.08899
-0.09041
-0.0905
-0.09082
-0.09109
-0.0899
-0.08926
-0.09018
-0.09064
-0.08798
-0.08194
-0.07086
-0.06271
-0.05585
-0.0553
-0.0564
-0.05695
-0.05731
-0.05841
-0.05695
-0.0574
-0.05713
-0.05708
-0.05603
-0.05438
-0.05246
-0.05035
-0.04761
-0.04536
-0.04358
-0.04211
-0.04138
-0.03973
-0.03735
-0.03726
-0.03772
-0.03864
-0.03882
-0.03767
-0.03488
-0.03186
-0.02673
-0.02197
-0.01758
-0.01245
-0.00732
-0.00394
0
0.00229
0.00302
0.00485
0.00572
0.00513
0.00513
0.00426
0.00504
0.00531
0.00586
0.00476
0.00531
0.00517
0.00554
0.00494
0.00568
0.00485
0.00604
0.00751
0.00906
0.00989
0.00961
0.00879
0.00618
0.00403
0.00897
0.01611
0.02252
0.02664
0.02728
0.02527
0.02252
0.01923
0.01721
0.01428
0.01062
0.00618
0.00352
0.00142
0.00032
0.00146
0.00146
0.00568
0.00916
0.01611
0.02454
0.03204
0.04303
0.05145
0.05992
0.06729
0.07507
0.08331
0.09009
0.09929
0.1062
0.11279
0.12012
0.1257
0.12946
0.13312
0.1355
0.13715
0.13705
0.13477
0.13275
0.13074
0.12872
0.12561
0.12378
0.12231
0.12241
0.12305
0.12378
0.1246
0.12524
0.12561
0.12598
0.12524
0.12566
0.12488
0.12387
0.12378
0.12378
0.12305
0.1235
0.1214
0.12181
0.12186
0.12415
0.12891
0.14177
0.15399
0.16241
0.16882
0.16864
0.16425
0.16049
0.15784
0.15491
0.15289
0.15051
0.14832
0.14905
0.1474
0.14703
0.14832
0.14978
0.15125
0.155
0.15829
0.16315
0.16663
0.17184
0.17386
0.17615
0.17468
0.17358
0.16946
0.16516
0.16177
0.15921
0.1571
0.15555
0.15399
0.15244
0.15157
0.15088
0.1506
0.15125
0.15253
0.15344
0.15344
0.15308
0.15234
0.15198
0.15125
0.15088
0.14987
0.14951
0.14795
0.1468
0.14328
0.13989
0.1366
0.13348
0.13147
0.12982
0.12634
0.12268
0.11517
0.10886
0.10272
0.09778
0.09952
0.10281
0.10419
0.1008
0.09352
0.08112
0.06528
0.04926
0.03255
0.0152
-0.0022
-0.01886
-0.03625
-0.05292
-0.06729
-0.07837
-0.08986
-0.09787
-0.10547
-0.11188
-0.11591
-0.11847
-0.12067
-0.12186
-0.12323
-0.12369
-0.12506
-0.12781
-0.13138
-0.13284
-0.13513
-0.13293
-0.13184
-0.12955
-0.12762
-0.12415
-0.12076
-0.11728
-0.11664
-0.11682
-0.11774
-0.11829
-0.11957
-0.11993
-0.12177
-0.12158
-0.12103
-0.11938
-0.11673
-0.11279
-0.11005
-0.1062
-0.10327
-0.10016
-0.09814
-0.09787
-0.09686
-0.09558
-0.09375
-0.09109
-0.08963
-0.08821
-0.08771
-0.08679
-0.08112
-0.07324
-0.06766
-0.06464
-0.06445
-0.06491
-0.06766
-0.0677
-0.06866
-0.06912
-0.07141
-0.07434
-0.07883
-0.08075
-0.08459
-0.08743
-0.09174
-0.09535
-0.09915
-0.1008
-0.10414
-0.10364
-0.10515
-0.10364
-0.104
-0.10309
-0.104
-0.10492
-0.10611
-0.1051
-0.10547
-0.10208
-0.10089
-0.09686
-0.09457
-0.09155
-0.08656
-0.08102
-0.07581
-0.07031
-0.06766
-0.06583
-0.06464
-0.06409
-0.06656
-0.06766
-0.07013
-0.07104
-0.07283
-0.0715
-0.07141
-0.06949
-0.0704
-0.06866
-0.06757
-0.065
-0.06299
-0.05859
-0.05585
-0.05173
-0.05017
-0.04756
-0.04797
-0.04761
-0.04761
-0.04276
-0.03406
-0.02527
-0.02179
-0.01936
-0.02161
-0.0249
-0.02728
-0.02783
-0.02902
-0.02875
-0.02985
-0.03003
-0.03094
-0.02934
-0.02884
-0.02724
-0.02637
-0.02518
-0.02312
-0.02087
-0.01923
-0.01611
-0.01575
-0.01282
-0.01318
-0.01218
-0.013
-0.0108
-0.00952
-0.00494
-0.00137
0.00375
0.00714
0.01154
0.01401
0.0173
0.01978
0.02234
0.02344
0.0249
0.02376
0.02509
0.02435
0.02435
0.02325
0.02362
0.0233
0.02325
0.02216
0.02238
0.02069
0.02161
0.02069
0.02161
0.02225
0.02344
0.02527
0.02783
0.02911
0.03186
0.03342
0.03809
0.04211
0.04688
0.04999
0.05457
0.05713
0.06638
0.07608
0.08459
0.08844
0.09055
0.09009
0.08917
0.08643
0.08537
0.08139
0.07993
0.07782
0.07649
0.07507
0.07471
0.07288
0.07352
0.07416
0.07764
0.08093
0.08514
0.08913
0.09503
0.09796
0.10153
0.10144
0.10327
0.10126
0.10226
0.10382
0.1073
0.11041
0.11627
0.12021
0.12534
0.12817
0.13138
0.1317
0.13458
0.1344
0.13586
0.13605
0.13802
0.13916
0.14062
0.14136
0.14282
0.14246
0.14374
0.14511
0.14731
0.14694
0.14612
0.1452
0.14484
0.14415
0.14374
0.14209
0.14218
0.14081
0.1409
0.13934
0.14095
0.14209
0.14401
0.1452
0.14484
0.1441
0.14777
0.15216
0.1571
0.15692
0.15564
0.15015
0.14557
0.13916
0.1344
0.13074
0.12762
0.12277
0.12003
0.11691
0.11613
0.11353
0.11279
0.1105
0.11133
0.10995
0.11279
0.11353
0.11646
0.11902
0.12213
0.12057
0.11852
0.11188
0.1073
0.10199
0.09924
0.09686
0.09558
0.0921
0.09155
0.0889
0.08821
0.08542
0.08368
0.0802
0.0802
0.07874
0.08057
0.07983
0.08075
0.07947
0.07956
0.07855
0.0791
0.07741
0.078
0.07645
0.07635
0.07507
0.07571
0.07581
0.07837
0.0791
0.08258
0.08423
0.08588
0.08405
0.0835
0.08102
0.08295
0.08716
0.09082
0.08917
0.08542
0.07681
0.06601
0.05621
0.04926
0.04065
0.03204
0.02184
0.01263
0.0011
-0.00732
-0.01726
-0.0249
-0.03424
-0.03987
-0.04779
-0.04953
-0.05392
-0.05466
-0.05878
-0.05878
-0.06226
-0.06596
-0.07297
-0.08002
-0.08853
-0.09366
-0.09961
-0.09961
-0.10254
-0.10382
-0.10693
-0.10941
-0.11174
-0.11462
-0.11829
-0.12012
-0.12112
-0.12103
-0.12158
-0.12003
-0.11957
-0.11687
-0.11536
-0.11252
-0.1095
-0.1073
-0.10529
-0.10172
-0.10172
-0.09814
-0.09814
-0.09705
-0.09654
-0.09631
-0.09695
-0.0965
-0.09851
-0.09503
-0.08917
-0.07594
-0.06519
-0.0553
-0.05374
-0.05402
-0.05988
-0.06413
-0.07123
-0.07489
-0.08075
-0.08533
-0.0921
-0.09686
-0.10309
-0.10648
-0.11279
-0.116
-0.12085
-0.12277
-0.12653
-0.12598
-0.12817
-0.12657
-0.12524
-0.12099
-0.11847
-0.11325
-0.11
-0.10474
-0.09961
-0.09183
-0.08633
-0.0791
-0.07544
-0.07068
-0.06793
-0.0607
-0.0575
-0.05104
-0.04807
-0.04266
-0.04074
-0.03644
-0.03561
-0.0336
-0.03561
-0.03653
-0.03946
-0.04138
-0.04303
-0.04303
-0.04463
-0.04276
-0.04413
-0.04156
-0.04074
-0.03836
-0.03836
-0.03653
-0.03754
-0.03735
-0.04138
-0.04395
-0.04523
-0.03918
-0.0336
-0.02802
-0.02774
-0.02875
-0.03296
-0.03387
-0.03603
-0.03442
-0.0358
-0.03369
-0.03543
-0.03543
-0.0379
-0.03772
-0.03717
-0.03694
-0.03772
-0.03671
-0.03644
-0.03333
-0.03232
-0.02774
-0.02563
-0.02293
-0.02344
-0.01987
-0.01918
-0.01428
-0.01163
-0.00641
-0.0011
0.00568
0.00916
0.01575
0.01849
0.02206
0.02545
0.02856
0.02856
0.02994
0.02856
0.02989
0.02728
0.02884
0.02747
0.0282
0.02728
0.02829
0.02756
0.02875
0.02673
0.02806
0.02692
0.02737
0.02637
0.02673
0.026
0.02751
0.02669
0.02847
0.02893
0.03296
0.03378
0.03561
0.03671
0.04578
0.05676
0.06912
0.07654
0.08295
0.08423
0.08542
0.08459
0.08725
0.08606
0.08789
0.08569
0.08643
0.08386
0.08313
0.08167
0.08267
0.08093
0.08313
0.08496
0.08789
0.08972
0.09407
0.09402
0.09723
0.09631
0.09833
0.09796
0.10016
0.10144
0.10547
0.10712
0.11224
0.11609
0.12186
0.12451
0.13202
0.13513
0.14017
0.14062
0.14319
0.14264
0.14722
0.14868
0.15601
0.15729
0.16122
0.16228
0.16626
0.16626
0.16919
0.1691
0.16956
0.16882
0.16919
0.16663
0.1637
0.15903
0.15564
0.15161
0.1496
0.14539
0.14305
0.13866
0.13705
0.13312
0.1339
0.13477
0.13998
0.13879
0.13293
0.11984
0.10519
0.08528
0.0705
0.05241
0.03699
0.01913
0.00385
-0.01208
-0.02188
-0.0293
-0.03168
-0.03589
-0.03644
-0.03717
-0.03369
-0.03058
-0.02344
-0.019
-0.01273
-0.0087
-0.00403
-0.00389
-0.00128
-0.00146
0.00128
0.00238
0.00714
0.00824
0.01181
0.01167
0.01364
0.01208
0.01282
0.00906
0.00623
-0.00037
-0.0065
-0.01703
-0.02417
-0.0358
-0.04408
-0.05402
-0.06029
-0.07063
-0.077
-0.08679
-0.09229
-0.10107
-0.10574
-0.11389
-0.11824
-0.12433
-0.12625
-0.13312
-0.13541
-0.14062
-0.14246
-0.14676
-0.14346
-0.13806
-0.12616
-0.11884
-0.10895
-0.10464
-0.10016
-0.09924
-0.09631
-0.09503
-0.09219
-0.09206
-0.08926
-0.08844
-0.08423
-0.08304
-0.07878
-0.07782
-0.0731
-0.07169
-0.06519
-0.06226
-0.05475
-0.05127
-0.0444
-0.04211
-0.03699
-0.03754
-0.03552
-0.03365
-0.02898
-0.02673
-0.02124
-0.01868
-0.01437
-0.01337
-0.01089
-0.01295
-0.01172
-0.01428
-0.01208
-0.01245
-0.0087
-0.00764
-0.0033
0
0.00668
0.00952
0.01593
0.0228
0.03195
0.03928
0.04893
0.05347
0.05988
0.06226
0.06976
0.07471
0.08212
0.08789
0.09521
0.09741
0.10217
0.10254
0.10538
0.10995
0.12231
0.13184
0.1377
0.13751
0.13458
0.12488
0.11572
0.104
0.09407
0.08459
0.07727
0.06747
0.06184
0.0542
0.05063
0.04395
0.04051
0.03607
0.03516
0.03333
0.03479
0.03543
0.03882
0.03918
0.04175
0.03763
0.03699
0.03076
0.02847
0.02376
0.02362
0.02161
0.02376
0.02417
0.0271
0.02618
0.02893
0.02875
0.03113
0.02948
0.02902
0.02527
0.02417
0.01936
0.01776
0.01208
0.00952
0.0033
0.00018
-0.00732
-0.01126
-0.0173
-0.02161
-0.02673
-0.02783
-0.03127
-0.03094
-0.03479
-0.03433
-0.0379
-0.03758
-0.04248
-0.04495
-0.05173
-0.052
-0.05072
-0.04276
-0.03598
-0.02994
-0.0293
-0.02884
-0.03223
-0.03296
-0.03658
-0.03433
-0.0368
-0.03662
-0.03937
-0.03772
-0.039
-0.03433
-0.03351
-0.02902
-0.02875
-0.02472
-0.02298
-0.01886
-0.01593
-0.00861
-0.00604
0.0011
0.00311
0.00751
0.00925
0.0152
0.01758
0.02463
0.02948
0.03772
0.04175
0.0509
0.05658
0.06546
0.06866
0.07397
0.07434
0.07855
0.07809
0.08075
0.08002
0.08167
0.08038
0.08377
0.08112
0.0824
0.0802
0.08295
0.0818
0.08569
0.08533
0.08917
0.08725
0.08803
0.08519
0.08716
0.08542
0.08817
0.08789
0.09311
0.09521
0.1008
0.10345
0.11165
0.12167
0.1344
0.14154
0.14951
0.14758
0.14301
0.13412
0.12698
0.11938
0.11682
0.11124
0.10822
0.10016
0.09558
0.08862
0.08478
0.07864
0.07361
0.06601
0.06047
0.05209
0.0472
0.03964
0.03369
0.02454
0.0174
0.00677
-0.00183
-0.01144
-0.02005
-0.03021
-0.0358
-0.04605
-0.05182
-0.06038
-0.06551
-0.07228
-0.07397
-0.07777
-0.07608
-0.07819
-0.07608
-0.07764
-0.07727
-0.07983
-0.07983
-0.08478
-0.08496
-0.0889
-0.08844
-0.09064
-0.08707
-0.08643
-0.08203
-0.07819
-0.07031
-0.06436
-0.0558
-0.04907
-0.03534
-0.02545
-0.013
-0.00677
0.00348
0.01181
0.02838
0.04047
0.05328
0.05695
0.05923
0.05383
0.04797
0.03589
0.02582
0.01346
0.00751
0
-0.00206
-0.00787
-0.00943
-0.01538
-0.01886
-0.026
-0.02902
-0.03754
-0.039
-0.04321
-0.04376
-0.04688
-0.04555
-0.04797
-0.04871
-0.05338
-0.052
-0.05438
-0.052
-0.05026
-0.04482
-0.04276
-0.0368
-0.03149
-0.02312
-0.01849
-0.01062
-0.00897
-0.00293
-0.00357
-0.00073
-0.00146
0.00014
-0.0022
-0.0022
-0.00403
-0.00275
-0.00554
-0.00439
-0.00833
-0.00687
-0.01076
-0.01025
-0.01355
-0.01245
-0.01657
-0.01529
-0.01703
-0.01465
-0.01758
-0.01712
-0.02243
-0.02312
-0.02344
-0.0163
-0.01172
-0.00577
