1.2632
1.26471
1.26361
1.26434
1.26302
1.2653
1.26352
1.26572
1.26288
1.26581
1.26366
1.26453
1.26416
1.2659
1.26398
1.26562
1.26343
1.26544
1.26384
1.26526
1.26379
1.26508
1.26443
1.26544
1.26416
1.26562
1.26402
1.26544
1.26361
1.26595
1.26471
1.26544
1.26416
1.26595
1.26398
1.26581
1.26416
1.26508
1.26416
1.26581
1.26425
1.26562
1.26352
1.26595
1.26453
1.2659
1.26379
1.26595
1.26453
1.26544
1.26361
1.2659
1.26476
1.2659
1.26517
1.26562
1.26416
1.26562
1.26398
1.26471
1.26416
1.26544
1.26535
1.26581
1.26434
1.26544
1.26361
1.26562
1.26379
1.26535
1.26434
1.26595
1.26402
1.26581
1.26306
1.26562
1.26462
1.26595
1.26485
1.26562
1.26434
1.26581
1.26379
1.26544
1.26434
1.26595
1.26457
1.26508
1.26453
1.26595
1.26416
1.26595
1.26471
1.26595
1.26398
1.26595
1.26457
1.26595
1.26526
1.26672
1.26544
1.26709
1.26595
1.26727
1.2659
1.26672
1.26581
1.26842
1.26691
1.26878
1.26746
1.26855
1.26732
1.26965
1.26691
1.26997
1.26888
1.26984
1.26828
1.27061
1.26855
1.27052
1.26819
1.27112
1.26901
1.27112
1.26947
1.27075
1.26855
1.2718
1.26965
1.27135
1.27066
1.2718
1.27121
1.27158
1.27039
1.27148
1.26988
1.2713
1.27002
1.27185
1.27002
1.27176
1.26984
1.27148
1.26782
1.26984
1.26773
1.26929
1.26727
1.26819
1.26595
1.26791
1.26526
1.26562
1.26526
1.26544
1.26379
1.26471
1.26297
1.26471
1.26086
1.2637
1.26068
1.26178
1.26009
1.2616
1.25853
1.26068
1.25885
1.26068
1.25912
1.261
1.25816
1.26059
1.25867
1.2605
1.25885
1.26013
1.25848
1.26141
1.25977
1.26022
1.2594
1.26096
1.26059
1.26192
1.2594
1.26178
1.26068
1.26233
1.26068
1.26416
1.26187
1.26302
1.26009
1.26324
1.26141
1.26379
1.2616
1.26434
1.26187
1.26233
1.25986
1.26178
1.25986
1.26031
1.25812
1.2594
1.25835
1.26009
1.25876
1.26009
1.25922
1.25995
1.2583
1.25995
1.2583
1.26105
1.25793
1.26109
1.25848
1.25977
1.25793
1.25977
1.25963
1.26123
1.2594
1.26123
1.25977
1.26141
1.25903
1.26022
1.25739
1.25885
1.25702
1.25871
1.25716
1.25839
1.25684
1.2583
1.25519
1.25684
1.25505
1.25684
1.25523
1.25716
1.25537
1.25537
1.25363
1.25464
1.25262
1.25354
1.25244
1.25363
1.25043
1.25226
1.24956
1.25061
1.24777
1.24983
1.24773
1.2486
1.24677
1.24869
1.24658
1.24773
1.24438
1.24677
1.24535
1.24837
1.24677
1.25043
1.24837
1.2507
1.25029
1.25299
1.25134
1.25391
1.25249
1.25446
1.25262
1.25349
1.25061
1.25244
1.24937
1.25024
1.24951
1.25244
1.24974
1.25171
1.24837
1.25107
1.24878
1.25098
1.24841
1.24997
1.24805
1.24924
1.24677
1.24731
1.24512
1.24695
1.24438
1.24658
1.24402
1.24585
1.24397
1.24622
1.24438
1.24608
1.24402
1.24713
1.24585
1.24773
1.24512
1.24805
1.24548
1.24773
1.24512
1.24741
1.24585
1.24704
1.24548
1.24805
1.24544
1.24677
1.24438
1.24695
1.24448
1.2464
1.24402
1.24677
1.24251
1.24557
1.24329
1.24576
1.24251
1.24475
1.24091
1.24251
1.24127
1.24251
1.23944
1.24237
1.23962
1.24173
1.23889
1.24036
1.23761
1.23889
1.2356
1.23651
1.23468
1.23596
1.23285
1.23486
1.23074
1.23285
1.23157
1.23468
1.23138
1.23376
1.23349
1.23596
1.23486
1.23834
1.23798
1.24182
1.24118
1.24251
1.24182
1.24438
1.2415
1.24521
1.24164
1.24329
1.24251
1.24365
1.24091
1.24425
1.23752
1.23569
1.23267
1.2323
1.22864
1.22928
1.22534
1.22681
1.22314
1.22461
1.22104
1.2204
1.21005
1.19897
1.18076
1.17082
1.16235
1.16437
1.15833
1.15897
1.15219
1.15137
1.14194
1.13997
1.1282
1.12358
1.1071
1.09717
1.07172
1.0415
0.97714
0.91974
0.87012
0.83167
0.78113
0.73608
0.67612
0.6097
0.53549
0.48885
0.45804
0.47383
0.44806
0.42114
0.40164
0.37106
0.34296
0.35362
0.33481
0.31444
0.31755
0.30176
0.30798
0.29713
0.30116
0.27718
0.28944
0.25195
0.26784
0.26573
0.26051
0.24925
0.24513
0.22861
0.23717
0.23053
0.25433
0.2309
0.25616
0.26624
0.28372
0.30441
0.33188
0.35596
0.36809
0.39514
0.41089
0.40274
0.42682
0.40723
0.41547
0.40723
0.40961
0.40462
0.41341
0.41501
0.42545
0.41455
0.41922
0.41867
0.40494
0.40741
0.40823
0.39377
0.39578
0.41537
0.41382
0.41949
0.41016
0.41675
0.40302
0.39876
0.39185
0.40805
0.40082
0.40768
0.41748
0.39935
0.4184
0.41711
0.41048
0.40187
0.42371
0.40759
0.40979
0.42375
0.41309
0.41748
0.41634
0.40164
0.40585
0.40343
0.41858
0.41464
0.40677
0.40622
0.39166
0.40668
0.4043
0.39331
0.41002
0.38599
0.40137
0.39194
0.39253
0.3913
0.41089
0.38983
0.40631
0.37971
0.40352
0.39038
0.39189
0.38319
0.39857
0.40073
0.40375
0.401
0.39853
0.39935
0.39171
0.40659
0.40393
0.39633
0.38644
0.40173
0.39542
0.39972
0.388
0.39963
0.39139
0.39194
0.40169
0.40576
0.39226
0.39876
0.39954
0.40906
0.39761
0.40526
0.3945
0.40823
0.40746
0.39679
0.40073
0.39661
0.38503
0.4021
0.39853
0.38754
0.40393
0.41089
0.38493
0.40746
0.40082
0.3934
0.40434
0.40512
0.40558
0.40302
0.388
0.37866
0.39459
0.37683
0.39093
0.38461
0.40352
0.39349
0.40247
0.39587
0.40695
0.40668
0.40375
0.39807
0.407
0.37875
0.37825
0.40613
0.40402
0.3886
0.40045
0.40443
0.37976
0.38965
0.39697
0.40027
0.39578
0.39134
0.37683
0.39615
0.39413
0.38626
0.39157
0.39331
0.38406
0.38658
0.38818
0.38141
0.38635
0.38672
0.38031
0.37532
0.37917
0.38544
0.37903
0.38544
0.38892
0.37903
0.38635
0.38379
0.39267
0.38846
0.39258
0.39716
0.3929
0.38805
0.39253
0.39798
0.39674
0.3739
0.37372
0.39789
0.39798
0.38933
0.40265
0.37825
0.39409
0.37367
0.3913
0.40247
0.38113
0.38937
0.40169
0.39551
0.38416
0.40137
0.39734
0.38013
0.39093
0.37592
0.39111
0.39844
0.38342
0.40054
0.39056
0.3913
0.38127
0.38049
0.38118
0.38782
0.38539
0.38553
0.38049
0.38049
0.37917
0.38983
0.37683
0.37976
0.3885
0.37743
0.37129
0.36292
0.3588
0.36539
0.36044
0.3631
0.34625
0.37216
0.34987
0.36548
0.34323
0.36424
0.35028
0.3642
0.36374
0.36749
0.35912
0.34131
0.37047
0.36557
0.35559
0.35014
0.34735
0.35902
0.36768
0.37701
0.36227
0.3479
0.36264
0.36694
0.3652
0.38196
0.37079
0.39111
0.39514
0.38695
0.39551
0.41171
0.40933
0.4151
0.41281
0.43396
0.43185
0.44563
0.44934
0.45209
0.45566
0.4482
0.44225
0.46078
0.4601
0.46811
0.45117
0.46948
0.47461
0.47095
0.45648
0.47365
0.46729
0.47351
0.45731
0.45612
0.4541
0.47493
0.46967
0.45721
0.45625
0.47415
0.47369
0.47388
0.47292
0.48148
0.46623
0.48047
0.47662
0.47424
0.4812
0.46371
0.46706
0.4882
0.47443
0.47919
0.49036
0.47433
0.4747
0.48267
0.49448
0.49951
0.48381
0.48331
0.49896
0.49603
0.49924
0.49113
0.49251
0.50716
0.4812
0.4942
0.49814
0.48578
0.4834
0.49731
0.49979
0.49535
0.49196
0.49896
0.48431
0.48665
0.47983
0.47424
0.49654
0.49384
0.4747
0.49365
0.47141
0.48926
0.48381
0.48816
0.47314
0.47745
0.47882
0.48486
0.46582
0.48578
0.48413
0.46701
0.48431
0.4812
0.46088
0.46454
0.46481
0.4834
0.46783
0.47058
0.47502
0.48573
0.47461
0.46335
0.48349
0.47076
0.48042
0.48367
0.46472
0.46298
0.46907
0.46454
0.46376
0.46541
0.46005
0.48267
0.48019
0.46069
0.47218
0.48267
0.46527
0.48189
0.46225
0.47736
0.46765
0.46884
0.47736
0.48093
0.47589
0.46564
0.47644
0.46985
0.47887
0.45996
0.46234
0.47791
0.46069
0.47205
0.47653
0.48143
0.46655
0.46362
0.4747
0.47282
0.48001
0.48267
0.47882
0.46289
0.45969
0.46733
0.47887
0.46674
0.46463
0.48253
0.47809
0.46408
0.48116
0.4731
0.4828
0.48212
0.46225
0.48225
0.46216
0.46765
0.45795
0.48482
0.46646
0.48523
0.47278
0.47845
0.45886
0.48308
0.46907
0.4769
0.47818
0.46033
0.46848
0.47287
0.48006
0.46481
0.47585
0.46838
0.46115
0.479
0.47836
0.48372
0.45786
0.4823
0.46875
0.45996
0.47195
0.47566
0.45932
0.46124
0.46381
0.47131
0.47891
0.47388
0.47314
0.46472
0.45804
0.45612
0.47923
0.47882
0.45877
0.46719
0.45616
0.46143
0.45721
0.47571
0.47809
0.45227
0.47589
0.46326
0.47571
0.45667
0.46568
0.45776
0.45667
0.45941
0.46078
0.45616
0.45465
0.46545
0.45703
0.46101
0.46907
0.45374
0.46811
0.45621
0.47031
0.47374
0.45227
0.47786
0.45493
0.47552
0.47021
0.46902
0.46907
0.45648
0.45676
0.47955
0.46628
0.46582
0.47154
0.46797
0.45282
0.47168
0.46381
0.47296
0.46893
0.45941
0.47424
0.47937
0.45625
0.46024
0.4639
0.47406
0.46321
0.47488
0.47314
0.46848
0.47662
0.46729
0.45776
0.4769
0.46692
0.47113
0.45323
0.45868
0.46069
0.4623
0.46042
0.47534
0.46907
0.46188
0.45932
0.4584
0.45886
0.47534
0.46989
0.47786
0.47589
0.47786
0.46179
0.45282
0.47516
0.46509
0.46907
0.47314
0.46092
0.45639
0.46024
0.47241
0.47319
0.46614
0.46701
0.47076
0.47086
0.46902
0.45346
0.46417
0.47278
0.45007
0.45456
0.45438
0.45763
0.46802
0.46458
0.46088
0.45209
0.46609
0.47131
0.46866
0.45982
0.46893
0.46198
0.45657
0.47104
0.46408
0.47131
0.46907
0.46161
0.46028
0.46033
0.45575
0.46609
0.4558
0.46719
0.46481
0.44971
0.46619
0.4514
0.46907
0.4541
0.46518
0.46033
0.44824
0.46143
0.44463
0.46106
0.46362
0.44348
0.46371
0.46399
0.46399
0.44312
0.46477
0.44028
0.45621
0.44408
0.44449
0.44678
0.44641
0.4574
0.45895
0.45918
0.44943
0.44312
0.44009
0.4601
0.45786
0.44696
0.46028
0.44215
0.45502
0.45813
0.45428
0.45758
0.459
0.45566
0.45561
0.44678
0.44696
0.44682
0.4541
0.44907
0.44485
0.45282
0.45053
0.45227
0.44559
0.44696
0.44948
0.4411
0.44092
0.44028
0.44943
0.44508
0.44513
0.44769
0.44513
0.45309
0.44765
0.43835
0.44705
0.45758
0.45566
0.4828
0.47992
0.49251
0.51677
0.54781
0.57257
0.61816
0.6427
0.68875
0.77545
0.8909
1.01321
1.04622
1.06828
1.08142
1.09625
1.10129
1.10962
1.11177
1.11823
1.11694
1.12097
1.119
1.12244
1.12024
1.1239
1.11987
1.12418
1.12061
1.12532
1.1218
1.12518
1.12061
1.12289
1.11598
1.1131
1.09946
1.09007
1.07794
1.07812
1.0708
1.0752
1.07455
1.08105
1.08188
1.09016
1.08911
1.0968
1.09396
1.10188
1.10014
1.10619
1.10413
1.11328
1.1153
1.12463
1.12738
1.13617
1.14066
1.14876
1.14972
1.15833
1.15924
1.16808
1.1694
1.17737
1.17915
1.18748
1.18909
1.19696
1.19788
1.20493
1.20465
1.20969
1.21143
1.21472
1.21436
1.21902
1.21907
1.22333
1.22319
1.22516
1.22484
1.229
1.22942
1.2323
1.23102
1.23427
1.23358
1.23615
1.23615
1.23889
1.23834
1.24049
1.241
1.24251
1.24251
1.24411
1.24475
1.2459
1.24557
1.2475
1.24557
1.24915
1.24731
1.25006
1.24837
1.24988
1.24883
1.25061
1.24841
1.25061
1.24988
1.25061
1.25024
1.25061
1.25043
1.25208
1.25061
1.25208
1.25125
1.25208
1.2507
1.25134
1.25061
1.25189
1.25153
1.25262
1.25208
1.25391
1.25221
1.25317
1.25208
1.254
1.25198
1.25336
1.25171
1.25317
1.25299
1.25391
1.2513
1.25409
1.2523
1.25423
1.25171
1.25386
1.2524
1.254
1.25189
1.25317
1.25299
1.25464
1.25244
1.25423
1.25299
1.25473
1.25299
1.25423
1.25226
1.25336
1.25226
1.25446
1.25226
1.255
1.25281
1.25354
1.25304
1.25519
1.25372
1.25391
1.25244
1.25624
1.25354
1.25537
1.25354
1.255
1.25372
1.25464
1.25354
1.25505
1.25304
1.25555
1.25363
1.25555
1.25391
1.25615
1.25423
1.25574
1.25299
1.25629
1.25363
1.25574
1.25354
1.25542
1.25391
1.25519
1.25317
1.255
1.25244
1.25574
1.25473
1.25629
1.25464
1.2561
1.25423
1.25592
1.25423
1.2567
1.25391
1.25537
1.25409
1.2561
1.25519
1.25555
1.25354
1.25537
1.25464
1.25684
1.25482
1.25578
1.25519
1.25684
1.25446
1.25574
1.25523
1.2561
1.255
1.25716
1.255
1.25555
1.25436
1.25592
1.25519
1.25716
1.25482
1.25739
1.25523
1.25716
1.25569
1.25629
1.25537
1.25647
1.25464
1.25629
1.25505
1.25633
1.25418
1.25592
1.25436
1.25574
1.25537
1.25592
1.25446
1.25537
1.255
1.2561
1.25409
1.25629
1.2551
1.25542
1.25372
1.25647
1.25482
1.25482
1.25317
1.25523
1.25436
1.25592
1.25427
1.25519
1.25482
1.25519
1.25354
1.25537
1.25423
1.25555
1.25391
1.25427
1.25423
1.255
1.25391
1.25491
1.25244
1.25519
1.25354
1.25496
1.25336
1.25427
1.25336
1.25473
1.25244
1.25409
1.25244
1.25336
1.25336
1.25377
1.25212
1.25491
1.25299
1.25336
1.25308
1.25317
1.25134
1.25409
1.25267
1.25423
1.25244
1.25372
1.25244
1.25423
1.25198
1.25482
1.25189
1.25345
1.25226
1.25423
1.25281
1.25317
1.25171
1.25244
1.25171
1.25395
1.25153
1.25418
1.25153
1.25354
1.25244
1.25244
1.25262
1.25253
1.25189
1.25262
1.25098
1.25244
1.25043
1.25208
1.2518
1.25208
1.2513
1.25244
1.25171
1.25363
1.25134
1.25262
1.25208
1.25336
1.25107
1.25262
1.25061
1.25189
1.25171
1.25285
1.2513
1.25244
1.25098
1.25171
1.25024
1.25272
1.25116
1.25244
1.24988
1.25208
1.25079
1.25317
1.25171
1.25134
1.25098
1.25327
1.24988
1.25226
1.25116
1.25262
1.25153
1.25208
1.2513
1.25171
1.25024
1.2513
1.25116
1.25098
1.2513
1.25226
1.25024
1.25171
1.25098
1.25262
1.25052
1.25189
1.25034
1.25079
1.24988
1.25098
1.25024
1.2529
1.2513
1.25107
1.24951
1.25244
1.25024
1.25125
1.25121
1.25189
1.25034
1.25153
1.25061
1.25134
1.24988
1.25134
1.25052
1.25253
1.25024
1.25153
1.24988
1.25079
1.2507
1.25098
1.25098
1.25107
1.25098
1.2513
1.24896
1.25262
1.25043
1.25143
1.25006
1.25098
1.25084
1.25061
1.24951
1.25061
1.24969
1.25061
1.24965
1.2513
1.25024
1.2513
1.24915
1.25098
1.24915
1.24969
1.24915
1.25079
1.24896
1.25185
1.24969
1.25024
1.2502
1.24951
1.24974
1.25061
1.24988
1.25098
1.24988
1.25043
1.25024
1.25079
