0.0025
0.0025
0.0023
0.0025
0.0025
0.0023
0.0025
0.0025
0.0025
0.0025
0.0025
0.0027
0.0025
0.0025
0.0025
0.0027
0.0025
0.0025
0.0025
0.0027
0.0025
0.0028
0.0023
0.0023
0.0023
0.0025
0.0027
0.0025
0.0027
0.0027
0.0027
0.0025
0.0023
0.0027
0.0028
0.0027
0.0025
0.0023
0.0025
0.0025
0.0027
0.0025
0.0025
0.0025
0.0027
0.0025
0.0025
0.0027
0.0027
0.0023
0.0027
0.0025
0.0025
0.0025
0.0027
0.0025
0.0027
0.0027
0.0027
0.0027
0.0023
0.0025
0.0023
0.0028
0.0023
0.0025
0.0027
0.0028
0.0025
0.0025
0.0025
0.0028
0.0023
0.0027
0.0023
0.0025
0.0023
0.0027
0.0025
0.0025
0.0023
0.0027
0.0027
0.0027
0.0025
0.003
0.0025
0.0034
0.0025
0.0027
0.0025
0.0027
0.0025
0.0027
0.0025
0.003
0.0027
0.0031
0.0023
0.0027
0.0027
0.0031
0.0025
0.003
0.0025
0.0028
0.0025
0.0034
0.0025
0.0025
0.0025
0.0028
0.0025
0.0027
0.0025
0.0025
0.0025
0.0028
0.0023
0.0036
0.0025
0.0036
0.0025
0.0033
0.0027
0.0025
0.0025
0.0045
0.0025
0.0038
0.0025
0.0048
0.0027
0.0039
0.0027
0.0031
0.0025
0.005
0.0023
0.0028
0.0025
0.0036
0.0025
0.0034
0.0025
0.0061
0.0025
0.0038
0.0025
0.003
0.0023
0.0031
0.0025
0.0027
0.0027
0.0047
0.0025
0.0039
0.0027
0.0025
0.0025
0.0038
0.0023
0.003
0.0027
0.005
0.0023
0.0028
0.0025
0.0036
0.0025
0.0039
0.0023
0.0031
0.0025
0.0025
0.0025
0.0028
0.0023
0.0056
0.0027
0.0033
0.0025
0.0033
0.0025
0.0027
0.0025
0.0027
0.0023
0.0027
0.0023
0.007
0.0023
0.0027
0.0027
0.0027
0.0027
0.0027
0.0025
0.0025
0.0025
0.0025
0.0025
0.0023
0.0025
0.0028
0.0025
0.0025
0.0025
0.0027
0.0025
0.0033
0.0025
0.0023
0.0027
0.0027
0.0025
0.0027
0.0025
0.0027
0.0023
0.0025
0.0025
0.0025
0.0027
0.0023
0.0025
0.0023
0.0023
0.0025
0.0025
0.0025
0.0027
0.0023
0.0025
0.0027
0.0025
0.0025
0.0028
0.0027
0.0023
0.0025
0.0025
0.0027
0.0027
0.0023
0.0025
0.0027
0.0027
0.0031
0.0023
0.0025
0.0025
0.0027
0.0023
0.0023
0.0025
0.0025
0.0025
2.7362
4.991
5.7821
6.2086
6.4363
6.9311
7.1316
7.7578
8.2541
8.8095
9.1441
9.5949
9.5802
10.4195
11.0838
11.284
11.688
12.287
13.1187
13.5513
13.9408
14.7763
15.205
16.0023
16.4259
16.8374
17.2538
17.6953
18.0473
18.241
18.5559
18.842
19.0776
19.3044
19.4286
19.5273
19.6203
19.6941
19.7366
19.8088
19.8352
19.8764
19.9088
19.9283
19.9813
19.9794
20.0184
20.0333
20.0296
20.0496
20.0496
20.0575
20.0948
20.0929
20.091
20.106
20.1087
20.1283
20.1283
20.1367
20.1381
20.133
20.1516
20.1442
20.1283
20.1358
20.1507
20.147
20.147
20.1395
20.1619
20.1442
20.1544
20.1675
20.1568
20.1526
20.1526
20.1619
20.1689
20.1722
20.1675
20.1642
20.1675
20.1838
20.1824
20.188
20.1736
20.1656
20.1768
20.1731
20.188
20.175
20.1894
20.1927
20.188
20.189
20.189
20.188
20.1983
20.181
20.1806
20.1955
20.1824
20.188
20.1824
20.1787
20.1843
20.1918
20.1983
20.1946
20.2039
20.1988
20.189
20.1918
20.188
20.1941
20.1988
20.1918
20.1862
20.1927
20.1918
20.1712
20.1806
20.1955
20.1759
20.188
20.1768
20.174
20.188
20.1694
20.1642
20.1656
20.1656
20.1358
20.119
20.0724
20.0473
20.0278
19.9571
19.8903
19.7607
19.648
19.4336
19.1874
18.7913
18.406
17.4323
15.5253
13.5096
9.8941
7.3306
5.3159
0.8836
0.0023
0.0025
0.0025
0.0041
0.0025
0.0031
0.0025
0.0031
0.0023
0.0047
0.0025
0.0027
0.0025
0.005
0.0025
0.0055
0.0025
0.0055
0.0025
0.0038
0.0025
0.0052
0.0023
0.0061
0.0025
0.0069
0.0025
0.0061
0.0023
0.0047
0.0025
0.0061
0.0023
0.0055
0.0025
0.0045
0.0027
0.005
0.0025
0.0081
0.0023
0.0063
0.0025
0.0078
0.0025
0.0088
0.0023
0.0113
0.0023
0.0116
0.0027
0.0103
0.0025
0.0064
0.0025
0.007
0.0025
0.0055
0.0025
0.0073
0.0023
0.0063
0.0027
0.0097
0.0025
0.0171
0.0025
0.01
0.0025
0.0063
0.0025
0.0044
0.0025
0.007
0.0027
0.0105
0.0025
0.0078
0.0023
0.008
0.0027
0.0222
0.0025
0.0175
0.0025
0.0095
0.0025
0.0064
0.0025
0.0164
0.0025
0.0125
0.0025
0.0387
0.0027
0.0091
0.0025
0.0122
0.0025
0.0105
0.0025
0.0114
0.0025
0.0103
0.0023
0.0091
0.0027
0.0056
0.0025
0.0105
0.0027
0.0114
0.0027
0.0227
0.0025
0.0109
0.0025
0.0122
0.0022
0.0194
0.0023
0.0105
0.0023
0.0113
0.0025
0.0153
0.0025
0.0122
0.0025
0.007
0.0025
0.0138
0.0025
0.0099
0.0025
0.0185
0.0025
0.0069
0.0025
0.0078
0.0023
0.0081
0.0023
0.0053
0.0025
0.0063
0.0025
0.0158
0.0027
0.0155
0.0027
0.0122
0.0025
0.0155
0.0025
0.0125
0.0027
0.0147
0.0023
0.0094
0.0023
0.0106
0.0025
0.0078
0.0025
0.0066
0.0025
0.0524
0.0025
0.0064
0.0025
0.0138
0.0025
0.0119
0.0025
0.0119
0.0025
0.0072
0.0023
0.0055
0.0025
0.0089
0.0025
0.0145
0.0027
0.0199
0.0027
0.0088
0.0025
0.035
0.0025
0.0532
0.0027
0.0145
0.0028
0.0222
0.0023
0.01
0.0025
0.063
0.0025
0.0116
0.0027
0.0128
0.0027
0.0113
0.0027
0.0111
0.0023
0.0083
0.0028
0.0099
0.0025
0.1011
0.0027
0.0102
0.0027
0.0083
0.0025
0.0102
0.0025
0.0147
0.0025
0.0277
0.0027
0.0304
0.0025
0.0167
0.0023
0.0488
0.0027
0.0307
0.0025
0.0083
0.0025
0.0052
0.0025
0.0135
0.0025
0.0138
0.0025
0.0515
0.0025
0.0172
0.0025
1.1786
3.7663
6.2338
8.5681
10.5301
12.287
13.0077
13.9098
14.9548
15.5132
16.0437
16.4297
16.9241
17.327
17.8011
17.9745
18.295
18.4966
18.5964
18.8067
18.9471
19.0271
19.1874
19.2358
19.3575
19.3978
19.4226
19.497
19.4851
19.5462
19.554
19.5623
19.5964
19.5835
19.6093
19.6259
19.6572
19.7089
19.7168
19.6923
19.7348
19.7496
19.7644
19.7866
19.7681
19.8014
19.812
19.8032
19.8236
19.8273
19.812
19.8491
19.8551
19.812
19.8347
19.837
19.8416
19.844
19.8328
19.8365
19.8328
19.812
19.8532
19.8352
19.8273
19.794
19.8236
19.7903
19.794
19.7921
19.7718
19.7824
19.7283
19.7274
19.7181
19.6904
19.6868
19.6508
19.6342
19.5301
19.4878
19.3777
19.2057
18.9653
18.7506
18.5209
18.2196
17.749
17.4249
17.2085
16.8077
16.4545
16.053
15.3042
14.5295
13.5992
12.4071
11.6596
10.5149
9.3776
7.407
6.1684
4.2773
0.6674
0.0053
0.0023
0.0106
0.0025
0.0567
0.0025
0.0097
0.0023
0.0113
0.0027
0.0345
0.0025
0.0178
0.0025
0.0105
0.0027
0.0102
0.0025
0.0067
0.0027
0.0128
0.0027
0.04
0.0027
0.0269
0.0023
0.0066
0.0027
0.0091
0.0025
0.0097
0.0023
0.0128
0.0025
0.0409
0.0025
0.0384
0.0023
0.0161
0.0025
0.0097
0.0025
0.0106
0.0023
0.008
0.0025
0.0069
0.0025
0.0078
0.0027
0.0207
0.0023
0.0106
0.0025
0.0135
0.0025
0.0299
0.0023
0.0097
0.0027
0.0125
0.0027
0.0463
0.0025
0.0213
0.0025
0.0105
0.0027
0.0211
0.0027
0.0083
0.0027
0.0072
0.0023
0.0145
0.0028
0.0073
0.0025
0.0171
0.0025
0.0251
0.0027
0.0078
0.0025
0.0069
0.0025
0.0255
0.0023
0.0135
0.0027
0.0066
0.0025
0.0089
0.0025
0.0105
0.0027
0.0125
0.0027
0.0117
0.0025
0.0133
0.0023
0.0153
0.0025
0.0108
0.0023
0.0627
0.0027
0.0138
0.0025
0.0128
0.0025
0.0488
0.0027
0.0178
0.0025
0.0124
0.0025
0.043
0.0025
0.0135
0.0027
0.0192
0.0025
0.0163
0.0025
0.0227
0.0025
0.0119
0.0025
0.0117
0.0023
0.0776
0.0023
0.066
0.0025
0.0122
0.0027
0.0091
0.0025
0.0084
0.0023
0.0131
0.0023
0.0378
0.0027
0.0213
0.0025
0.0288
0.0023
0.0719
0.0023
0.0324
0.0027
0.0113
0.0023
0.0106
0.0025
0.0189
0.0027
0.0219
0.0025
0.0091
0.0027
0.0205
0.0023
0.0128
0.0025
0.0196
0.0025
0.0258
0.0027
0.0091
0.0025
0.0113
0.0022
0.0559
0.0027
0.0144
0.0025
0.0061
0.0023
0.007
0.0025
0.0335
0.0025
0.0077
0.0023
0.0095
0.0027
0.0249
0.0023
0.0269
0.0027
0.0142
0.0027
0.0156
0.0025
0.0554
0.0025
0.0075
0.0027
0.0174
0.0027
0.0092
0.0025
0.0337
0.0025
0.0268
0.0025
0.0624
0.0025
0.0094
0.0025
0.0083
0.0023
0.0095
0.0025
0.0144
0.0025
0.0111
0.0025
0.0301
0.0025
0.0567
0.0027
0.012
0.0025
0.0817
0.0023
0.0622
0.0025
0.0117
0.0025
0.0092
0.0025
0.0113
0.0025
0.0502
0.0023
0.024
0.0027
0.0127
0.0023
0.0025
0.0025
0.0028
0.9838
1.8098
3.5774
5.254
6.2448
7.2464
9.2337
10.6464
11.8696
12.2211
12.9467
13.1407
13.3172
13.6689
13.8099
14.0212
14.3874
14.5788
15.1506
15.3766
15.8303
16.1138
16.2714
16.44
16.7328
16.7621
17.031
17.1259
17.4993
17.7076
17.9249
18.1042
18.254
18.3554
18.4096
18.4903
18.5712
18.6189
18.7344
18.7642
18.8673
18.9294
18.9544
18.9889
18.9835
19.0694
19.0635
19.1067
19.1473
19.1911
19.1934
19.2276
19.2587
19.2349
19.2605
19.2934
19.2898
19.309
19.319
19.3099
19.3094
19.3154
19.3309
19.369
19.3401
19.363
19.396
19.3923
19.4043
19.457
19.429
19.4529
19.458
19.4364
19.4391
19.4566
19.4254
19.4676
19.44
19.4924
19.4988
19.4731
19.4841
19.5025
19.5034
19.4658
19.4547
19.4988
19.4841
19.5163
19.5135
19.5135
19.5292
19.5319
19.5494
19.5393
19.5503
19.5595
19.5393
19.5319
19.5407
19.5572
19.5099
19.5218
19.5135
19.4851
19.4873
19.5007
19.5044
19.5154
19.5227
19.5513
19.5614
19.5959
19.5757
19.5757
19.5982
19.5872
19.6093
19.5835
19.5982
19.6047
19.5757
19.6037
19.613
19.5757
19.5757
19.595
19.6102
19.5688
19.5614
19.5651
19.5246
19.5062
19.4887
19.4584
19.3887
19.3603
19.282
19.2166
19.1067
18.9
18.7001
18.4127
18.0296
17.5739
17.313
16.8861
16.2078
15.2298
13.9925
12.5661
10.3017
7.8333
4.4047
1.6595
0.0025
0.0023
0.0025
0.0027
0.0025
0.0023
0.0023
0.0025
0.0025
0.0025
0.0023
0.0027
0.0023
0.0025
0.0025
0.0023
0.0023
0.0023
0.0025
0.0023
0.0025
0.0025
0.0025
0.0025
0.0027
0.0025
0.0023
0.0023
0.0025
0.0023
0.0023
0.0025
0.0025
0.0023
0.0027
0.0025
0.0023
0.0023
0.0023
0.0025
0.0023
0.0027
0.0025
0.0025
0.0025
0.0025
0.0025
0.0025
0.0025
0.0025
0.0025
0.0025
0.0025
0.0025
0.0025
0.0025
0.0027
0.0025
0.0025
0.0023
0.0025
0.0025
0.0025
0.0027
0.0025
0.0025
0.0027
0.0027
0.0025
0.0027
0.0025
0.0025
0.0025
0.0025
0.0025
0.0025
0.0025
0.0025
0.0025
0.0025
0.0025
0.0027
0.0025
0.0027
0.0027
0.0025
0.0027
0.0025
0.0027
0.0025
0.0025
0.0027
0.0025
0.0027
0.0025
0.0025
0.0025
0.0025
0.0025
0.0025
0.0025
0.0025
0.0025
0.0027
0.0025
0.0025
0.0025
0.0023
0.0023
0.0027
0.0025
0.0027
0.0025
0.0023
0.0025
0.0023
0.0025
0.0025
0.0025
0.0025
0.0025
0.0025
0.0027
0.0025
0.0027
0.0027
0.0025
0.0025
0.0025
0.0023
0.0025
0.0025
0.0023
0.0025
0.0025
0.0027
0.0025
0.0027
0.0025
0.0025
0.0025
0.0025
0.0027
0.0023
0.0027
0.0027
0.0025
0.0023
0.0027
0.0025
0.0027
0.0025
0.0025
0.0027
0.0025
0.0027
0.0025
0.0025
0.0025
0.0025
0.0027
0.0025
0.0025
0.0025
0.0025
0.0025
0.0025
0.0023
0.0025
0.0025
0.0028
0.0023
0.0023
0.0025
0.0025
0.0023
0.0025
0.0025
0.0027
0.0023
0.0025
0.0025
0.0025
0.0025
0.0025
0.0025
0.0025
0.0023
0.0025
0.0025
0.0027
0.0025
0.0023
0.0027
0.0025
0.0025
0.0025
0.0023
0.0023
0.0025
0.0025
0.0023
0.0025
0.0025
0.0023
0.0027
0.0025
0.0025
0.0025
0.0025
0.0027
0.0025
0.0025
0.0025
0.0023
0.0023
0.0023
0.0025
0.0027
0.0023
0.0023
0.0025
0.0027
0.0025
0.0027
0.0027
0.0025
0.0025
0.0025
0.0025
0.0025
0.0025
0.0025
0.0025
0.0025
0.0025
0.0027
0.0027
0.0027
0.0025
0.0023
0.0025
0.0027
0.0025
0.0025
0.0025
0.0025
0.0025
0.0025
0.0027
0.0025
0.0025
0.0027
0.0025
0.0025
0.0023
0.0027
0.0027
0.0025
0.0025
0.0023
0.0027
0.0027
0.0025
0.0025
0.0023
0.0023
0.0025
0.0023
0.0025
0.0025
0.0025
0.0025
0.0025
0.0025
0.0023
4.4486
8.5104
10.7726
12.7049
14.3375
15.3671
16.4272
16.9864
17.4336
17.8294
18.2352
18.5231
18.7244
18.909
19.0671
19.1254
19.2002
19.2276
19.3163
19.3264
19.352
19.4217
19.4235
19.4364
19.5112
19.5329
19.5757
19.5909
19.5757
19.5918
19.5991
19.6309
19.6406
19.6914
19.7126
19.7727
19.7551
19.7847
19.8037
19.8069
19.8477
19.8546
19.8657
19.869
19.8504
19.8653
19.856
19.8606
19.8416
19.868
19.8532
19.8713
19.8847
19.8532
19.8365
19.8541
19.8416
19.8402
19.744
19.7015
19.612
19.4456
19.2943
19.0817
18.6694
17.9816
16.9034
13.4344
5.532
0.0023
0.0023
0.0025
0.0023
0.0025
0.0023
0.0025
0.0025
0.0025
0.0025
0.0025
0.0025
0.0025
0.0027
0.0027
0.0025
0.0025
0.0025
0.0027
0.0025
0.0025
0.0025
0.0023
0.0025
0.0025
0.0025
0.0027
0.0025
0.0027
0.0027
0.0023
0.0025
0.0025
0.0027
0.0027
0.0025
0.0023
0.0025
0.0023
0.0025
0.0025
0.0025
0.0025
0.0025
0.0027
0.0023
0.0025
0.0027
0.0025
0.0025
0.0025
0.0025
0.0027
0.0025
0.0025
0.0025
0.0027
0.0025
0.0025
0.0027
0.0025
0.0025
0.0025
0.0027
0.0025
0.0025
0.0025
0.0027
0.0025
0.0025
0.0025
0.0025
0.0027
0.0025
0.0027
0.0027
0.0027
0.0027
0.0025
0.0025
0.0023
0.0025
0.0025
0.0023
0.0023
0.0025
0.0025
0.0025
0.0023
0.0027
0.0025
0.0025
0.0025
0.0023
0.0027
0.0025
0.0025
0.0023
0.0025
0.0025
0.0025
0.0025
0.0025
0.0025
0.0025
0.0025
0.0027
0.0027
0.0027
0.0025
0.0025
0.0023
0.0025
0.0025
0.0025
0.0027
0.0025
0.0025
0.0022
0.0025
0.0025
0.0025
0.0025
0.0025
0.0027
0.0025
0.0023
0.0025
0.0025
0.0025
0.0025
0.0025
0.0023
0.0023
0.0025
0.0027
0.0027
0.0025
0.0027
0.0025
0.0025
0.0025
0.0025
0.0027
0.0025
0.0025
0.0025
0.0023
0.0027
0.0025
0.0023
0.0025
0.0027
0.0023
0.0025
0.0025
0.0023
0.0023
0.0025
0.0025
0.0023
0.0025
0.0025
0.0025
0.0025
0.0025
0.0023
0.0025
0.0025
0.0025
0.0025
0.0025
0.0027
0.0023
0.0028
0.0023
0.0025
0.0023
0.0023
0.0027
0.0027
0.0023
0.0023
0.0025
0.0025
0.0025
0.0025
0.0027
0.0027
0.0025
0.0027
0.0025
0.0025
0.0025
0.0023
0.0025
0.0027
0.0027
0.0027
0.0027
0.0025
0.0025
0.0023
0.0027
0.0027
0.0025
0.0025
0.0025
0.0023
0.0027
0.0027
0.0027
0.0025
0.0025
0.0025
0.0025
0.0025
0.0027
0.0025
0.0023
0.0027
0.0027
0.0025
0.0025
0.0025
0.0025
0.0025
0.0025
0.0023
0.0025
0.0023
0.0025
0.0025
0.0025
0.0025
0.0023
0.0025
0.0023
0.0025
0.0025
0.0027
0.0023
0.0023
0.0027
0.0025
0.0025
0.0025
0.0025
0.0025
0.0025
0.0025
0.0025
0.0025
0.0025
0.0025
0.0027
0.0025
0.0025
0.0025
0.0023
0.0025
0.0025
0.0025
0.0027
0.0027
0.0025
0.0023
0.0025
0.0025
0.0023
0.0025
0.0027
0.0025
0.0025
0.0023
0.0027
0.0023
0.0025
0.0027
0.0025
0.0027
0.0023
0.0025
0.0025
0.0025
0.0023
0.0025
0.0025
0.0025
0.0025
0.0028
0.0025
0.0025
0.0023
0.0027
0.0027
0.0025
0.0027
0.0025
0.0025
0.0025
0.0027
0.0025
0.0025
0.0025
0.0027
0.0025
0.0025
0.0025
0.0025
0.0027
0.0023
0.0025
0.0027
0.0025
0.0025
0.0023
0.0025
0.0025
0.0023
0.0023
