-5.263
-4.108
-3.172
-2.589
-2.111
-1.788
-1.84
-1.958
-2.579
-3.233
-4.019
-5.062
-5.957
-6.42
-6.798
-7.01
-7.295
-7.727
-7.963
-8.088
-8.137
-8.114
-7.841
-7.723
-7.588
-7.535
-7.459
-7.217
-7.19
-7.186
-7.398
-7.664
-7.786
-7.66
-7.496
-7.021
-6.656
-6.258
-6.074
-6.35
-6.79
-7.099
-7.352
-7.614
-7.591
-7.287
-7.259
-7.413
-7.482
-7.165
-6.977
-6.959
-7.295
-7.762
-8.031
-8.115
-7.939
-7.5
-7.134
-7.001
-6.798
-6.593
-6.26
-5.745
-4.849
-4.143
-3.404
-2.852
-2.407
-1.632
-0.846
-0.301
-0.044
-0.587
-1.527
-2.455
-3.181
-3.912
-4.72
-5.47
-6.091
-6.301
-6.248
-5.865
-5.746
-6.216
-6.787
-7.112
-7.088
-6.626
-6.048
-5.743
-5.529
-5.263
-4.703
-3.594
-2.632
-2.197
-1.768
-1.232
-0.863
-0.769
-0.827
-0.632
-0.368
-0.283
-0.017
0.318
0.764
1.103
1.465
1.675
1.077
0.242
-0.335
-0.477
-0.567
-0.421
0.08
0.426
0.672
0.7
0.669
0.68
0.438
-0.078
-0.541
-0.643
-0.563
-0.305
0.292
1.073
1.504
1.954
2.73
3.253
3.505
3.466
3.087
2.558
1.91
1.64
1.448
0.981
0.454
0.261
0.397
0.602
0.68
0.593
0.537
0.565
1.075
1.583
1.958
2.254
2.867
3.529
3.775
3.868
4.13
4.52
4.605
4.461
4.04
3.397
2.987
2.948
2.9
2.712
2.54
2.22
1.921
2.019
2.226
2.119
1.681
1.308
1.509
1.927
2.552
2.773
2.987
3.393
3.746
3.772
3.912
3.907
3.318
2.904
2.996
3.51
3.676
3.915
4.278
4.28
4.103
4.082
4.06
4.311
4.348
4.256
4.186
4.256
4.178
4.053
4.121
4.125
4.125
4.317
4.805
5.285
5.883
5.979
6.079
6.38
6.735
6.807
7.223
7.239
6.623
5.905
5.187
4.494
3.81
3.225
2.938
2.909
3.441
4.535
5.551
5.979
6.175
6.319
6.349
6.726
7.173
7.801
8.317
8.543
9.323
10.477
11.421
11.458
10.937
10.005
8.599
7.258
6.524
6.034
5.791
5.669
5.542
5.503
5.46
5.322
5.066
4.485
3.938
3.68
3.659
3.824
3.844
3.685
3.384
3.284
2.97
2.326
1.951
1.933
2.268
2.933
3.565
3.683
3.847
3.975
3.99
4.58
5.29
5.791
5.96
5.904
6.045
6.362
6.729
7.291
7.714
7.847
7.884
7.47
7.012
6.882
6.733
6.585
6.463
6.633
6.868
7.481
8.111
8.594
8.609
8.238
8.149
8.202
7.954
7.694
7.348
7.573
7.884
8.124
8.124
7.644
7.086
6.697
6.521
6.332
5.948
5.643
5.27
4.892
4.341
4.21
4.415
4.851
5.026
4.611
4.121
3.894
3.545
3.354
3.484
3.807
4.194
4.832
5.069
4.832
4.702
4.563
4.16
3.775
3.593
3.623
3.628
3.755
4.168
4.68
5.385
5.88
6.129
6.36
6.602
7.097
7.313
7.293
7.309
7.455
7.67
7.461
6.851
5.992
5.176
4.403
3.88
3.092
2.42
2.059
1.886
1.851
2.132
2.455
2.629
2.595
2.74
2.715
2.407
2.263
2.043
2.09
2.333
2.752
3.334
3.748
4.069
4.202
4.172
4.014
3.997
4.021
4.317
4.473
4.696
5.297
6.07
6.253
6.166
6.327
6.705
6.832
6.868
6.676
6.399
6.118
6.119
6.083
6.131
6.192
6.61
7.348
7.518
7.411
7.197
7.017
6.864
6.925
7.138
7.354
7.33
7.167
6.975
6.99
6.803
6.706
6.929
7.44
7.967
8.388
8.824
9.384
9.692
9.565
9.469
9.541
9.585
9.284
9.127
9.075
9.09
9.175
9.323
9.485
9.711
10.055
10.296
10.291
10.284
10.304
9.781
8.686
7.551
6.667
6.088
5.416
4.816
4.417
3.889
3.423
2.917
2.662
2.514
2.786
3.07
3.508
4.051
4.694
5.29
5.933
6.554
6.92
7.287
7.784
8.141
8.115
7.849
7.941
7.878
7.583
7.197
6.842
6.454
6.282
6.48
6.811
7.016
7.258
7.579
7.749
8.12
8.573
8.625
8.141
7.239
6.227
5.491
4.858
4.546
3.914
3.386
3.389
3.41
3.438
3.973
4.418
4.629
4.731
4.74
4.867
5.093
4.976
4.598
4.226
4.038
4.18
4.387
4.657
5.041
5.497
5.765
6.159
6.493
6.67
6.706
6.56
6.484
6.624
6.833
7.086
7.505
7.843
7.749
7.435
7.431
7.59
7.705
7.827
7.896
7.445
6.851
6.295
5.784
5.176
4.44
3.942
3.667
3.399
3.689
3.986
4.029
3.949
3.625
3.489
3.295
3.216
2.893
2.659
2.525
2.42
2.425
2.416
2.32
2.512
3.314
4.496
5.884
6.964
7.47
7.619
7.775
7.932
8.002
8.08
8.194
8.272
8.575
8.948
9.578
10.171
10.579
10.737
10.919
11.171
11.53
11.425
11.347
10.989
10.297
9.825
9.539
9.698
9.982
10.23
10.445
10.652
10.858
10.928
10.535
9.962
9.62
8.901
8.133
7.274
6.406
5.682
5.329
5.087
4.679
4.313
4.226
3.903
3.896
4.073
4.093
4.101
3.872
3.388
2.564
2.167
2.342
3.009
3.646
3.986
4.304
4.52
5.115
5.273
5.085
5.202
5.438
5.534
5.529
5.612
5.693
6.117
6.427
6.785
7.349
7.902
8.333
8.519
8.438
7.886
7.426
6.907
6.336
5.9
5.704
5.516
5.4
5.683
5.961
6.008
5.922
5.739
5.433
5.181
5.211
5.152
5.057
4.829
4.28
3.843
3.619
3.447
3.34
3.096
3.252
3.508
3.58
3.601
3.602
3.884
3.929
3.563
3.12
2.824
2.643
2.757
3.005
3.058
2.852
2.647
2.608
2.622
2.848
2.979
3.061
3.606
3.84
3.663
3.478
3.342
3.467
3.502
3.423
3.449
3.33
3.362
3.399
3.445
3.65
4.086
4.366
4.535
4.744
5.019
5.656
6.576
7.012
7.25
7.479
7.596
7.319
6.62
5.944
5.315
5.054
4.936
4.681
4.553
4.43
4.439
4.566
4.601
3.999
3.357
2.874
2.634
2.773
3.236
3.803
4.385
4.834
4.679
3.915
2.747
1.744
0.993
0.637
0.379
0.467
0.82
1.003
1.149
1.247
1.302
1.461
1.836
2.093
2.023
2.036
1.994
2.161
2.536
3.144
3.489
3.733
4.012
4.204
4.348
4.773
5.364
5.8
6.188
6.275
6.205
6.105
6.258
6.872
7.276
7.354
7.191
6.808
6.561
6.541
6.803
7.117
7.435
7.402
7.377
7.88
8.462
8.453
8.176
7.819
7.548
7.444
7.548
7.771
7.692
7.309
6.983
6.929
7.06
7.025
7.156
6.822
6.648
6.105
5.695
5.273
4.751
4.016
3.584
3.018
2.344
1.893
1.5
0.905
0.528
0.53
0.829
1.284
1.755
2.108
2.357
2.61
2.638
2.501
2.507
2.438
2.39
2.08
1.851
2.1
2.525
2.795
3.151
3.34
3.289
3.079
2.734
2.244
1.47
1.169
0.987
0.7
0.39
0.178
0.078
-0.51
-1.254
-1.839
-1.996
-1.812
-1.472
-1.095
-1.073
-1.228
-1.193
-1.164
-1.353
-1.276
-1.02
-0.602
-0.314
0.231
0.899
1.273
1.395
1.291
1.478
1.754
2.342
2.917
3.209
3.275
3.58
3.545
3.389
2.957
2.695
2.813
3.184
3.428
3.593
3.755
3.419
3.057
3.035
3.142
3.148
3.024
3.044
2.845
2.564
2.632
2.878
3.011
2.919
2.688
2.25
1.655
0.903
0.481
0.418
0.225
-0.209
-0.471
-0.475
-0.301
-0.035
0.085
0.286
0.395
0.397
0.336
0.048
-0.257
-0.331
-0.519
-1.086
-1.657
-1.576
-1.073
-0.469
-0.164
-0.16
-0.205
-0.178
-0.07
-0.078
-0.317
-0.528
-0.779
-1.01
-1.265
-0.907
-0.445
0.096
0.733
1.291
2.004
2.191
1.958
1.81
1.906
2.118
2.03
1.43
0.673
-0.015
-0.641
-0.981
-0.826
-0.287
0.434
0.902
1.162
1.219
1.095
0.641
-0.451
-1.528
-1.897
-1.8
-1.623
-1.651
-1.799
-2.076
-2.368
-2.366
-2.281
-1.792
-0.886
-0.174
0.207
0.488
0.728
1.053
1.097
1.077
1.014
0.833
0.532
0.351
0.231
0.126
0.089
0.052
0.052
0.231
0.131
0.007
0.022
-0.07
-0.107
-0.283
-0.554
-0.469
-0.249
0.04
0.529
0.994
1.225
1.334
1.378
1.542
1.701
1.725
1.581
1.378
1.413
1.309
0.994
0.488
0.279
0.203
0.423
0.972
1.509
1.583
1.391
1.836
2.163
2.512
2.619
2.639
3.154
3.82
3.912
3.482
3.007
2.76
2.848
3.144
3.244
3.357
3.336
3.266
3.14
3.062
3.196
3.497
3.414
3.074
2.597
2.372
2.176
2.167
2.263
2.093
1.81
1.871
2.275
2.761
3.332
3.445
3.639
3.96
4.252
4.594
4.683
5.102
5.747
6.092
5.836
5.119
4.472
3.942
3.615
3.287
3.231
3.389
2.974
2.259
1.745
1.531
1.511
1.805
2.263
2.662
2.49
2.31
2.725
3.275
3.504
3.537
3.85
4.26
4.827
5.263
5.492
5.516
5.625
5.726
5.782
5.961
5.896
5.817
5.713
5.686
5.34
4.892
4.507
4.022
3.72
3.515
3.284
3.328
3.496
3.763
3.99
4.086
4.034
3.955
3.728
3.595
3.428
2.97
2.556
2.525
2.852
3.102
3.311
3.586
3.768
3.96
4.398
4.659
4.683
4.675
4.836
5.124
4.901
4.631
4.509
4.572
4.731
4.751
5.102
5.256
4.936
4.691
4.653
4.571
4.461
4.069
3.672
3.286
2.818
2.124
1.387
1.007
0.641
-0.207
-1.334
-2.067
-2.416
-2.475
-2.305
-2.088
-2.115
-2.193
-2.433
-2.381
-2.034
-1.508
-0.678
-0.118
0.222
0.319
0.303
0.137
0.096
0.039
-0.17
-0.344
-0.687
-1.217
-1.744
-1.972
-2.157
-1.831
-1.446
-1.164
-0.999
-0.488
0.185
0.685
0.951
0.962
0.721
0.65
0.488
0.053
-0.081
-0.082
-0.024
0.124
0.004
-0.326
-0.615
-0.704
-0.813
-1.007
-0.842
-0.146
0.351
0.784
0.796
0.857
0.427
-0.17
-0.632
-0.82
-0.88
-0.597
-0.035
0.545
1.095
1.702
2.276
2.83
3.115
3.336
4.016
4.814
5.346
5.501
5.494
5.316
5.128
4.892
4.871
4.888
4.952
5.228
5.368
5.481
5.473
5.303
4.98
4.699
4.607
4.747
4.827
4.579
4.404
4.396
4.073
3.456
2.935
2.405
1.744
1.278
1.025
0.903
0.827
0.829
0.475
0.323
0.048
-0.172
-0.118
0.076
-0.161
-0.65
-1.088
-1.603
-2.403
-3.099
-3.714
-4.458
-5.004
-5.24
-5.137
-4.827
-4.517
-4.164
-3.614
-3.242
-2.981
-2.9
-2.915
-2.983
-2.786
-2.568
-2.369
-1.672
-0.839
-0.628
-1.02
-1.568
-2.084
-2.154
-2.189
-2.137
-1.806
-1.367
-1.19
-1.11
-1.158
-1.081
-1.078
-1.269
-1.269
-1.114
-0.705
-0.303
-0.122
-0.063
0.299
0.708
1.212
1.365
1.339
1.558
1.565
1.589
1.631
2.064
2.294
2.211
2.468
2.76
2.761
2.603
2.189
2.1
2.259
2.028
1.04
0.002
-0.457
-0.601
-0.855
-1.067
-1.128
-0.898
-0.597
-0.425
-0.281
0.1
0.486
0.807
0.881
1.217
1.542
1.282
0.566
-0.497
-1.409
-2.193
-2.756
-3.144
-3.037
-2.839
-2.337
-2.104
-2.404
-2.52
-2.587
-2.667
-2.898
-3.455
-3.674
-3.553
-3.466
-3.441
-3.473
-3.31
-2.957
-2.772
-2.89
-2.978
-3.148
-3.366
-3.454
-3.204
-3.262
-3.374
-3.628
-3.859
-4.091
-4.208
-4.422
-4.629
-4.893
-5.097
-5.159
-4.941
-4.587
-4.478
-4.234
-4.014
-3.902
-4.121
-4.151
-4.095
-3.819
-3.349
-2.961
-2.895
-2.994
-3.096
-2.987
-2.832
-2.826
-3.249
-3.77
-4.125
-4.478
-4.701
-4.688
-4.553
-4.305
-4.119
-3.999
-3.998
-3.885
-3.914
-4.324
-4.587
-4.797
-4.958
-4.928
-4.928
-4.752
-4.509
-4.544
-4.57
-4.191
-3.769
-3.459
-3.03
-2.82
-2.645
-2.717
-2.695
-2.584
-2.673
-2.834
-2.852
-2.995
-3.122
-3.109
-2.917
-2.591
-2.316
-2.502
-2.754
-3.092
-3.291
-3.236
-3.491
-4.094
-4.775
-5.245
-5.564
-5.385
-4.997
-4.688
-4.417
-4.324
-4.029
-3.493
-3.052
-2.838
-3.326
-3.833
-3.728
-3.371
-3.146
-3.148
-3.613
-3.975
-3.925
-3.38
-2.511
-2.126
-1.931
-1.672
-1.413
-1.06
-0.776
-0.678
-0.481
0.072
0.726
1.169
1.443
1.613
1.714
1.862
1.949
1.715
1.474
1.589
1.596
1.603
1.337
0.885
0.485
0.094
-0.017
0.017
0.146
0.338
0.77
0.92
0.754
0.244
-0.126
-0.323
-0.737
-1.461
-1.893
-2.043
-2.102
-2.592
-3.444
-4.137
-4.374
-4.529
-4.768
-4.555
-4.167
-4.125
-4.35
-4.609
-4.858
-5.464
-5.956
-6.178
-5.952
-5.643
-5.159
-4.891
-5.085
-5.244
-5.276
-5.157
-4.653
-4.127
-3.484
-2.991
-2.258
-1.805
-1.565
-1.557
-1.536
-1.252
-1.06
-0.505
0.674
1.967
2.965
3.574
3.748
3.955
4.075
3.698
3.34
2.95
2.432
2.259
2.023
1.734
1.562
1.027
0.663
0.776
1.027
1.088
1.339
1.402
1.256
1.44
1.544
1.876
1.958
1.99
2.002
1.889
1.738
1.284
0.9
0.668
0.595
0.689
0.536
0.327
0.314
0.475
0.748
1.182
1.256
1.346
1.579
1.851
2.113
2.289
2.173
2.189
2.38
2.852
3.285
3.619
3.898
4.178
4.291
4.301
4.344
4.43
4.537
4.666
4.941
5.263
5.589
5.525
5.325
5.067
5.043
5.135
4.923
4.596
4.13
3.574
3.026
2.608
2.263
1.901
1.825
2.036
2.137
2.002
2.028
2.028
1.646
1.318
1.264
0.787
0.301
-0.113
-0.318
-0.431
-0.423
-0.1
-0.044
-0.192
-0.361
-0.518
-0.711
-0.903
-0.929
-0.628
-0.471
-0.092
0.063
-0.153
-0.789
-1.193
-1.19
-0.807
-0.34
0.109
0.14
-0.161
-0.658
-1.533
-2.608
-3.244
-3.598
-3.763
-3.909
-4.019
-4.186
-4.241
-4.171
-4.04
-4.039
-3.846
-3.765
-3.837
-4.145
-4.47
-4.531
-4.079
-3.65
-3.341
-3.157
-3.122
-3.292
-3.382
-3.38
-3.195
-2.676
-1.849
-1.238
-0.637
-0.292
-0.179
0.129
0.486
0.698
0.648
0.593
0.484
0.334
0.188
0.113
0.007
-0.242
-0.829
-1.391
-2.011
-2.686
-3.28
-3.55
-3.257
-3.306
-2.935
-2.422
-2.21
-2.067
-2.006
-1.949
-2.372
-2.978
-3.475
-3.672
-3.678
-3.345
-3.039
-3.288
-3.583
-3.462
-2.983
-2.682
-2.682
-2.786
-2.804
-2.924
-2.991
-2.922
-2.783
-2.52
-2.202
-1.927
-1.809
-1.822
-1.936
-1.851
-1.862
-1.866
-1.766
-1.864
-2.119
-2.296
-2.155
-1.871
-1.603
-1.238
-0.966
-0.865
-0.709
-0.665
-0.783
-0.68
-0.706
-0.704
-0.654
-0.787
-0.637
-0.148
0.512
0.914
1.296
1.607
1.789
1.562
1.504
1.456
1.363
0.924
0.747
0.732
0.682
0.748
0.887
1.095
1.317
1.763
2.172
2.371
1.962
1.417
1.049
1.241
1.476
1.882
2.479
3.02
3.526
3.421
2.856
2.512
2.372
2.505
2.562
2.584
2.895
3.24
3.262
2.931
2.895
3.157
3.192
2.947
2.715
2.536
2.427
2.454
2.529
2.451
2.268
1.884
1.834
1.895
1.888
1.617
1.609
1.792
2.174
2.056
1.657
1.095
0.571
0.24
0.105
0.227
0.467
0.576
0.53
0.388
-0.015
-0.639
-1.221
-1.667
-1.938
-1.812
-1.452
-1.012
-1.014
-1.153
-1.265
-1.304
-1.369
-1.777
-2.202
-2.519
-2.499
-2.272
-1.821
-1.316
-1.086
-1.101
-0.955
-0.603
-0.183
0.48
1.005
1.648
2.145
2.304
2.359
2.435
2.704
2.592
2.148
1.692
0.981
0.375
-0.349
-1.307
-2.3
-2.76
-2.989
-3.023
-3.02
-3.214
-3.662
-4.236
-4.836
-5.26
-5.843
-6.358
-6.816
-7.155
-7.083
-6.637
-6.044
-5.004
-3.83
-2.387
-1.136
-0.427
0.142
0.929
1.502
1.924
2.124
2.065
2.365
2.699
3.058
3.529
3.803
4.005
4.313
5.085
6.079
7.152
8.1
8.739
9.293
9.796
10.325
10.771
11.011
11.53
12.371
12.751
12.969
12.79
12.413
12.158
12.105
11.977
11.938
11.695
11.116
11.075
11.059
10.784
10.248
9.482
8.893
8.373
8.067
7.653
7.428
7.566
8.128
8.584
9.005
9.737
10.613
10.749
10.187
9.563
8.987
8.213
7.117
6.21
5.429
5.102
4.958
4.851
4.856
4.938
5.099
5.255
5.067
4.691
4.271
3.909
3.84
3.833
4.253
4.505
4.598
4.345
4.192
3.973
3.765
3.554
3.418
3.432
3.119
2.745
2.499
2.287
2.302
2.252
2.377
2.573
2.677
2.957
3.327
3.45
3.419
3.371
3.678
3.955
3.712
2.957
2.577
2.307
2.087
1.694
1.452
1.147
1.184
1.423
1.762
1.862
1.997
2.233
2.329
2.39
2.226
1.722
1.653
2.067
2.856
3.528
3.968
4.132
3.968
3.519
3.299
3.254
3.34
3.506
4.089
4.666
5.087
5.259
5.119
5.214
5.189
5.08
5.1
5.185
5.215
5.233
5.078
4.799
4.212
4.101
4.435
4.929
5.438
5.922
6.264
6.397
6.292
5.782
5.085
4.435
3.915
3.471
3.14
2.983
3.183
3.292
3.349
3.7
4.042
4.327
4.553
4.585
4.466
4.444
4.409
4.182
4.112
4.376
4.681
4.836
4.366
3.85
3.85
3.707
3.659
3.741
3.63
3.281
2.852
2.558
2.586
2.718
2.747
3.02
3.432
3.482
3.15
2.453
1.623
0.984
0.412
-0.168
-0.412
-0.641
-1.108
-1.886
-2.442
-2.704
-2.599
-2.241
-1.766
-1.231
-0.714
0.061
0.451
0.566
0.819
1.158
1.607
1.93
2.211
2.298
2.337
2.359
2.639
2.994
3.393
3.775
4.054
4.112
3.846
3.502
3.24
2.568
1.784
1.357
1.306
1.924
2.52
2.824
2.948
3.175
3.114
2.826
2.861
3.114
3.22
3.066
2.455
1.768
1.333
1.038
0.861
0.986
1.036
0.981
1.077
1.335
1.866
2.264
2.25
2.233
2.254
2.142
2.054
2.065
1.825
0.968
-0.035
-0.667
-1.281
-1.831
-2.03
-1.949
-1.748
-1.465
-1.121
-0.92
-0.663
-0.615
-0.767
-1.023
-1.366
-1.404
-1.265
-0.859
-0.462
0.013
0.65
1.212
1.441
1.75
2.215
2.294
2.145
1.859
1.788
1.387
0.89
0.495
0.414
0.754
0.855
0.808
0.814
0.65
0.366
0.045
-0.336
-0.637
-1.079
-1.667
-2
-2.092
-1.98
-1.374
-0.806
-0.618
-0.615
-0.706
-0.48
-0.31
0.008
-0.146
-0.475
-0.589
-0.384
-0.113
0.485
0.835
0.904
1.186
1.358
1.269
1.013
0.741
0.549
0.177
-0.31
-0.602
-0.65
-0.674
-0.473
-0.135
0.107
0.092
0.131
0.157
0.087
-0.275
-0.743
-1.311
-1.705
-1.91
-1.987
-2.145
-2.235
-2.211
-2.023
-1.62
-1.146
-0.922
-0.706
-0.559
-0.432
-0.379
-0.19
-0.07
-0.225
-0.513
-1.02
-1.181
-1.637
-2.048
-1.993
-1.834
-1.675
-1.698
-2.014
-2.462
-2.725
-2.97
-3.308
-3.341
-3.393
-3.358
-3.436
-3.691
-3.648
-3.65
-3.702
-3.702
-3.489
-3.284
-2.834
-2.261
-1.696
-1.356
-1.545
-1.855
-2.097
-2.568
-2.904
-3.105
-3.545
-4.042
-4.215
-4.103
-3.76
-3.318
-3.07
-2.864
-2.592
-2.348
-2.18
-2.008
-1.496
-0.916
-0.654
-0.802
-0.977
-0.94
-0.822
-0.96
-1.11
-0.82
-0.855
-0.959
-0.879
-0.938
-0.994
-1.126
-1.574
-1.515
-1.33
-1.299
-1.344
-1.472
-1.653
-1.618
-1.855
-1.823
-1.895
-2.199
-2.719
-3.279
-3.558
-3.552
-3.31
-3.1
-2.83
-2.846
-3.087
-3.395
-3.575
-3.51
-3.34
-3.428
-3.676
-3.912
-3.871
-3.563
-3.157
-3.083
-3.244
-3.553
-4.099
-4.758
-5.385
-5.745
-6.005
-6.236
-6.203
-6.077
-6.318
-6.458
-6.654
-6.886
-7.032
-7.263
-7.23
-6.674
-5.992
-5.542
-5.351
-5.416
-5.564
-5.864
-6.066
-5.847
-5.151
-4.543
-3.949
-3.205
-2.826
-2.616
-2.342
-1.855
-1.64
-1.899
-2.307
-2.939
-3.327
-3.51
-3.493
-3.254
-2.905
-2.52
-2.31
-2.507
-2.42
-1.914
-1.48
-1.265
-1.499
-1.973
-2.337
-2.857
-3.227
-3.148
-2.621
-1.914
-1.692
-1.869
-2.298
-3.109
-3.571
-3.902
-3.792
-3.207
-2.852
-2.743
-2.562
-2.306
-2.393
-2.487
-2.523
-2.416
-2.062
-1.848
-1.291
-1.05
-0.983
-0.763
-0.658
-0.754
-0.855
-0.87
-0.842
-0.434
0.223
0.685
1.105
1.164
0.693
-0.105
-1.099
-1.932
-2.673
-3.619
-4.23
-4.504
-4.367
-3.871
-3.553
-3.566
-4.077
-4.387
-4.594
-5.353
-6.092
-6.43
-6.454
-6.031
-5.508
-4.47
-3.262
-2.296
-1.64
-1.012
-0.588
-0.318
-0.336
-0.89
-1.572
-2.102
-2.39
-2.586
-2.773
-2.996
-3.375
-3.65
-3.553
-3.462
-3.696
-4.007
-4.308
-4.43
-4.517
-4.218
-3.737
-3.295
-2.854
-2.673
-2.783
-2.8
-2.822
-2.936
-2.83
-2.764
-2.983
-3.01
-2.86
-2.887
-2.797
-2.9
-3.132
-3.185
-3.639
-4.239
-4.71
-5.147
-5.269
-5.146
-4.72
-4.413
-4.339
-4.348
-4.304
-4.461
-4.792
-5.22
-5.537
-5.752
-6.026
-6.057
-5.943
-5.776
-5.462
-5.092
-4.535
-4.321
-4.116
-3.748
-3.135
-2.656
-2.983
-3.504
-3.938
-3.994
-3.894
-3.797
-3.968
-4.382
-5.166
-5.743
-5.719
-5.627
-5.342
-4.67
-4.125
-3.901
-3.781
-3.428
-3.118
-2.791
-2.316
-1.831
-1.452
-0.829
-0.198
0.31
0.471
0.689
1.044
1.252
1.139
1.02
0.894
0.868
1.208
1.675
2.072
2.372
2.887
3.803
4.557
4.788
4.849
4.705
3.964
3.551
3.462
3.179
2.917
2.767
2.791
2.647
2.739
3.131
3.55
3.882
4.018
3.861
3.515
3.013
2.451
1.682
0.805
-0.087
-0.733
-1.332
-1.878
-2.769
-3.927
-4.799
-5.189
-5.26
-5.469
-5.686
-5.944
-6.02
-6.005
-6.218
-6.661
-7.221
-7.383
-7.072
-6.775
-6.693
-6.203
-5.752
-5.391
-4.672
-4.302
-4.103
-4.077
-3.853
-3.614
-3.467
-3.088
-2.198
-0.879
0.288
0.809
0.85
1.271
1.618
1.736
1.736
1.869
2.054
2.486
2.7
2.699
2.856
2.901
3.105
3.271
3.005
2.695
2.186
1.875
1.665
1.5
1.238
0.939
0.606
-0.017
-0.551
-0.822
-0.551
0.011
0.763
1.666
1.962
1.932
1.74
1.395
0.624
-0.321
-1.033
-1.105
-1.212
-0.979
-0.735
-0.602
-0.702
-0.826
-0.793
-0.824
-0.815
-0.848
-0.488
-0.118
-0.257
-0.437
-0.281
-0.153
-0.265
-0.157
-0.216
-0.379
-0.412
-0.144
0.096
0.075
0.24
0.04
0.14
0.196
0.292
0.51
0.968
1.57
2.045
2.272
2.542
2.507
2.25
2.104
2.06
2.198
2.394
2.425
2.287
2.398
2.686
3.055
3.192
3.623
3.914
3.795
3.541
3.205
2.929
2.963
3.118
3.103
3.095
2.948
2.769
2.496
2.031
1.749
1.537
1.736
2.24
2.909
3.357
3.357
2.834
2.398
1.709
0.988
0.392
-0.009
-0.518
-0.789
-0.619
-0.637
-0.992
-1.461
-2.05
-2.651
-3.277
-3.341
-3.148
-2.873
-2.464
-2.036
-1.755
-1.941
-2.433
-2.789
-3.24
-3.486
-3.249
-2.803
-2.313
-2.175
-2.126
-2.023
-2.066
-2.076
-1.901
-1.409
-0.999
-1.007
-1.391
-1.587
-1.941
-2.248
-2.433
-2.711
-2.887
-3.073
-2.829
-2.586
-2.402
-2.506
-2.462
-2.402
-1.941
-1.544
-1.265
-1.038
-0.872
-0.933
-1.242
-1.914
-2.245
-2.394
-2.178
-1.893
-1.779
-1.884
-1.805
-1.583
-1.262
-1.409
-1.627
-1.62
-1.507
-1.644
-1.779
-1.801
-2.1
-2.489
-2.669
-2.682
-2.852
-2.935
-2.963
-2.846
-2.632
-2.302
-2.252
-2.442
-2.515
-2.54
-2.285
-1.963
-1.751
-1.502
-1.474
-1.655
-2.156
-2.777
-3.051
-3.008
-2.741
-2.372
-1.657
-1.084
-0.51
0.087
0.505
0.577
0.776
1.049
0.977
1.001
1.031
1.033
1.068
1.043
1.005
1.177
1.33
1.439
1.169
0.717
0.392
0.192
0.041
-0.039
0.301
0.584
0.912
1.273
1.57
1.824
1.899
1.893
1.812
2.322
2.97
3.433
3.942
4.611
5.39
5.791
5.846
5.46
5.111
4.723
4.424
4.234
3.853
3.667
3.775
4.09
4.74
5.518
5.782
5.769
5.538
5.49
5.645
5.582
5.351
5.048
4.76
4.574
4.134
3.82
3.694
3.441
2.979
2.671
2.66
2.616
2.571
2.394
2.407
2.673
3.07
3.406
3.715
4.082
4.415
4.38
3.853
3.026
2.18
1.509
1.086
0.673
0.471
0.183
-0.477
-1.06
-1.076
-1.109
-1.247
-1.156
-0.981
-1.199
-1.821
-2.874
-3.787
-4.324
-4.688
-5.157
-5.288
-5.244
-5.045
-4.725
-4.057
-2.973
-1.845
-1.121
-0.619
-0.148
-0.209
-0.249
0.002
0.188
0.674
1.169
1.651
2.041
1.991
1.653
1.269
1.124
0.743
0.227
-0.099
-0.021
-0.063
-0.185
-0.334
-0.556
-0.639
-0.414
-0.126
-0.1
-0.007
0.048
-0.113
-0.245
-0.412
-0.471
-0.593
-0.894
-0.724
-0.445
-0.021
0.368
0.805
0.983
0.886
1.099
1.378
1.884
2.285
2.272
2.063
2.156
2.411
2.35
1.971
1.507
1.158
0.552
-0.17
-0.663
-1.086
-1.596
-1.882
-2.106
-2.097
-2.047
-1.884
-1.736
-1.692
-2.092
-2.996
-4.081
-4.807
-5.08
-5.255
-5.167
-5.006
-4.958
-5.226
-5.438
-5.228
-4.765
-4.217
-3.661
-3.41
-3.684
-4.176
-4.534
-4.788
-5.044
-5.274
-5.636
-5.86
-5.76
-5.431
-4.853
-4.888
-4.923
-4.931
-4.948
-4.864
-5.05
-5.285
-5.182
-4.862
-4.441
-3.853
-3.489
-3.29
-3.018
-2.791
-2.834
-2.839
-2.725
-2.547
-2.365
-1.981
-1.625
-1.204
-1.018
-0.859
-0.839
-0.798
-0.94
-1.35
-1.515
-1.607
-1.875
-2.196
-2.464
-2.782
-3.105
-3.349
-3.528
-3.841
-4.251
-4.361
-4.474
-4.718
-4.72
-4.321
-3.898
-3.563
-3.231
-2.923
-2.603
-2.455
-2.682
-2.851
-3.039
-3.107
-3.28
-3.508
-3.78
-4.112
-4.359
-4.33
-4.417
-4.643
-4.692
-4.629
-4.714
-4.956
-4.997
-4.884
-4.627
-4.151
-3.977
-3.798
-3.628
-3
-2.529
-2.249
-2.215
-2.455
-3.066
-3.364
-3.525
-3.637
-3.861
-4.081
-4.025
-3.957
-4.107
-4.535
-4.961
-5.5
-5.928
-6.179
-6.33
-6.227
-5.979
-5.646
-5.468
-5.054
-4.653
-4.694
-5.201
-5.729
-6.127
-6.048
-5.702
-5.281
-4.976
-4.862
-4.603
-4.169
-3.866
-3.988
-4.359
-4.494
-4.526
-4.52
-4.326
-4.12
-4.073
-4.004
-4.18
-3.983
-3.48
-2.804
-2.44
-2.403
-2.475
-2.377
-2.32
-2.183
-1.821
-1.187
-0.358
0.181
-0.041
-0.566
-1.084
-1.382
-1.788
-1.945
-1.919
-1.709
-1.696
-1.731
-1.879
-1.913
-1.594
-1.121
-0.541
-0.323
-0.279
-0.262
-0.316
-0.512
-0.555
-0.397
-0.083
-0.15
-0.576
-0.946
-1.119
-1.012
-0.986
-0.736
-0.414
-0.335
-0.336
-0.131
0.301
0.794
0.972
1.103
1.081
0.962
0.894
0.767
0.633
0.641
1.124
1.67
1.906
1.995
2.002
2.235
2.526
2.903
3.314
3.685
3.765
3.75
3.615
3.369
2.727
2.137
1.775
1.69
1.635
1.539
1.801
2.141
2.743
3.201
3.266
3.205
2.848
2.438
1.91
1.361
0.818
0.454
0.131
-0.048
-0.554
-0.954
-1.294
-1.299
-0.942
-0.615
-0.522
-0.815
-1.631
-2.455
-2.695
-3.109
-3.449
-3.54
-3.622
-3.836
-3.946
-3.919
-4.036
-4.389
-4.814
-5.505
-6.332
-6.955
-7.483
-7.561
-7.539
-7.74
-8.255
-8.852
-9.203
-9.325
-9.245
-9.094
-9.271
-9.306
-9.066
-8.816
-8.707
-8.395
-8.277
-8.137
-7.834
-7.657
-7.524
-7.134
-6.611
-6.216
-5.586
-4.731
-4.186
-3.829
-3.357
-2.911
-2.899
-3.212
-3.514
-3.781
-3.929
-4.007
-4.404
-4.845
-5.194
-5.335
-5.102
-4.788
-4.572
-4.076
-3.396
-2.734
-2.159
-1.945
-1.919
-1.705
-1.527
-1.16
-0.728
-0.172
0.392
0.761
0.859
0.802
0.829
0.907
0.955
1.016
1.012
0.776
0.475
0.07
0.188
0.52
0.597
0.628
0.566
0.687
1.056
1.513
2.02
2.318
2.76
2.943
2.752
2.326
1.986
1.696
1.435
1.051
0.774
0.896
1.45
1.594
1.221
0.914
0.872
1.278
1.527
1.612
2.023
2.452
2.704
3.211
3.702
4.404
4.74
4.59
4.396
4.101
3.824
3.65
3.52
3.318
3.075
2.798
2.696
2.603
2.481
2.222
2.193
1.927
1.67
1.354
1.077
1.138
1.385
1.598
1.601
1.4
0.981
0.421
0.222
0.026
-0.235
-0.323
-0.615
-0.687
-0.523
-0.497
-0.909
-1.299
-1.6
-2.076
-2.241
-2.501
-2.47
-2.505
-2.409
-2.108
-1.568
-1.042
-0.541
-0.281
-0.028
0.184
0.017
-0.164
-0.281
-0.539
-1.182
-1.954
-2.606
-2.623
-2.371
-2.399
-2.442
-2.272
-2.041
-2.063
-2.036
-1.805
-1.873
-2.128
-2.536
-3.19
-3.489
-3.465
-3.462
-3.506
-3.41
-3.723
-3.798
-3.731
-3.771
-3.676
-3.375
-3.134
-2.743
-2.32
-2.1
-1.667
-1.156
-0.632
-0.501
-0.7
-1.059
-0.999
-0.75
-0.34
0.092
0.382
0.592
0.201
-0.153
-0.645
-0.89
-1.172
-1.522
-1.705
-2.027
-2.399
-2.999
-3.408
-3.777
-3.701
-3.519
-3.066
-2.878
-2.937
-3.245
-3.711
-4.398
-4.84
-4.775
-4.426
-4.579
-5.03
-5.281
-5.085
-4.698
-4.773
-4.867
-4.797
-4.393
-3.757
-3.292
-2.985
-2.791
-2.547
-2.411
-2.026
-1.753
-1.404
-0.924
-0.124
0.42
0.809
1.392
1.64
1.55
1.164
0.881
0.504
0.349
0.425
0.499
0.436
0.193
-0.283
-0.955
-1.753
-2.263
-2.433
-2.551
-2.425
-2.193
-1.997
-1.862
-1.777
-1.705
-1.757
-1.814
-1.727
-1.33
-0.907
-0.264
0.148
0.297
0.375
0.493
0.781
1.245
1.607
2.097
2.798
3.393
3.973
4.075
3.968
4.003
4.313
4.544
4.544
4.252
3.833
3.254
2.691
2.237
1.988
1.99
2.335
2.538
2.474
2.235
1.893
1.537
0.959
0.423
-0.205
-0.632
-0.931
-1.328
-1.52
-1.599
-1.91
-2.468
-2.911
-3.414
-3.92
-4.243
-4.713
-5.328
-5.873
-6.204
-6.155
-5.691
-5.246
-5.294
-5.251
-5.063
-4.181
-3.07
-1.914
-1.068
-0.685
-0.464
-0.188
0.22
0.728
1.28
1.888
2.106
2.045
1.962
1.75
1.738
2.108
2.651
3.103
3.576
3.829
3.855
3.599
3.201
2.836
2.25
1.867
1.648
1.611
1.48
1.177
0.567
0.227
0.094
-0.102
-0.468
-0.737
-0.952
-1.417
-1.943
-2.321
-2.586
-2.56
-2.532
-2.626
-2.455
-2.169
-1.736
-1.116
-0.583
-0.571
-0.933
-1.099
-1.069
-1.005
-0.793
-0.397
-0.026
-0.081
-0.026
0.17
0.585
1.156
1.456
1.636
1.79
1.792
1.561
1.185
0.789
1.06
1.814
2.42
2.882
3.087
3.381
3.484
3.628
3.598
3.302
2.889
2.627
2.35
2.383
2.318
2.13
2.054
2.002
1.991
2.145
2.477
2.622
2.643
2.32
1.509
1.064
1.249
1.548
1.927
2.616
3.423
4.204
4.391
4.206
3.789
3.676
3.948
4.405
4.574
4.693
5.154
5.741
6.685
7.348
7.452
7.213
6.833
6.362
6.066
5.891
5.917
5.959
6.083
6.349
6.753
7.083
7.256
7.064
6.689
6.538
6.363
6.271
6.266
6.199
6.454
6.842
7.117
7.136
7.167
7.012
6.929
6.792
6.436
6.109
6.059
6.101
6.144
6.105
6.002
5.808
5.54
5.268
4.984
4.635
4.204
3.672
2.978
2.418
2.397
2.551
2.468
2.25
2.095
1.736
1.478
1.345
1.417
1.929
2.333
2.61
2.946
3.263
3.327
3.728
4.317
4.47
4.125
3.611
3.515
3.829
4.239
4.581
4.822
5.068
5.196
5.333
5.442
5.247
5.135
5.106
5.163
5.124
5.004
4.95
5.228
5.242
5.02
4.641
4.282
4.353
4.514
4.821
5.01
5.481
6.077
6.245
6.279
5.832
5.146
3.982
2.739
1.947
1.619
1.153
0.541
0.174
-0.205
-0.643
-0.588
0.172
0.767
1.223
1.147
0.7
0.15
-0.343
-0.561
-0.774
-1.012
-1.361
-1.814
-2.052
-2.381
-2.996
-3.74
-4.361
-5.237
-5.926
-6.415
-6.388
-5.876
-5.22
-4.688
-4.085
-3.506
-3.135
-2.765
-2.634
-2.843
-3.003
-3.325
-3.829
-4.434
-5.069
-5.333
-5.169
-4.814
-4.675
-4.597
-5.037
-5.343
-5.263
-4.864
-4.35
-3.955
-3.382
-3.055
-2.888
-2.89
-2.957
-3.237
-3.937
-4.446
-4.758
-5.016
-4.871
-4.814
-4.788
-5.002
-5.276
-5.462
-5.56
-5.236
-4.753
-4.226
-3.76
-3.1
-2.776
-2.396
-2.075
-1.544
-0.688
-0.261
-0.567
-0.946
-1.339
-1.574
-1.887
-1.973
-1.667
-1.221
-0.543
0.076
0.41
0.209
-0.672
-1.518
-2.193
-2.996
-3.817
-4.221
-4.321
-4.071
-3.22
-2.276
-1.441
-0.419
0.319
0.328
0.227
0.401
0.599
0.456
-0.558
-2.292
-3.405
-3.783
-3.356
-2.333
-1.219
-0.06
0.515
0.914
1.653
2.24
2.093
1.888
1.862
1.651
1.157
1.091
1.19
1.648
2.442
2.804
3.052
3.772
4.116
3.646
2.537
1.679
0.763
0.781
1.648
2.66
4.282
5.782
6.558
6.633
7.161
8.625
10.2
11.224
11.3
11.622
12.637
13.413
13.418
13.518
13.723
13.902
13.701
13.754
14.081
14.805
15.947
16.843
16.921
16.427
16.35
16.623
17.179
17.869
18.877
20.035
20.267
19.682
18.829
18.559
18.755
19.544
19.909
19.3
18.816
18.561
18.029
17.334
17.216
17.477
17.489
16.876
16.619
16.47
15.563
14.43
13.536
13.253
13.832
15.16
16.316
17.271
18.114
18.194
17.264
15.781
14.238
12.655
11.457
9.916
8.229
6.698
5.024
2.656
0.341
-0.266
0.388
0.65
0.693
0.329
-0.615
-1.539
-2.296
-3.07
-3.979
-5.004
-5.879
-6.545
-7.073
-7.416
-7.662
-7.409
-6.95
-6.454
-6.566
-6.833
-6.973
-7.505
-8.861
-10.309
-11.181
-11.261
-11.144
-11.296
-10.849
-10.158
-9.919
-10.145
-10.108
-9.596
-9.365
-9.803
-9.947
-9.577
-9.007
-8.902
-8.32
-8.135
-8.46
-8.905
-9.332
-9.679
-9.713
-9.841
-9.785
-9.357
-9.358
-9.611
-9.217
-8.38
-7.57
-6.906
-7.06
-7.413
-7.492
-6.923
-6.083
-6.013
-6.548
-6.633
-7.668
-9.546
-11.079
-12.04
-12.376
-12.554
-12.777
-12.96
-12.992
-12.852
-12.827
-12.666
-12.467
-12.429
-12.899
-13.924
-14.858
-15.171
-14.905
-14.608
-14.634
-14.571
-14.389
-14.119
-13.296
-12.245
-11.2
-10.216
-9.381
-8.553
-7.902
-7.736
-7.752
-7.843
-7.775
-7.705
-7.952
-8.516
-8.758
-8.569
-8.259
-7.862
-7.06
-6.905
-7.125
-7.735
-8.166
-8.349
-8.87
-9.109
-8.68
-7.582
-5.878
-4.156
-2.874
-2.529
-2.793
-3.441
-4.114
-4.823
-5.63
-5.63
-4.843
-4.49
-4.299
-4.557
-4.98
-5.028
-4.442
-4.816
-6.313
-7.836
-9.479
-10.478
-10.729
-10.274
-9.323
-8.412
-7.786
-7.474
-7.378
-6.938
-6.349
-6.186
-6.243
-6.138
-6.134
-6.114
-6.026
-6.179
-6.21
-6.07
-6.104
-6.283
-6.388
-6.798
-7.016
-6.94
-6.953
-6.709
-6.304
-5.97
-5.638
-5.296
-4.971
-4.57
-4.055
-3.65
-4.027
-4.64
-4.967
-4.742
-4.393
-4.252
-4.378
-4.355
-4.125
-3.69
-3.127
-2.826
-3.368
-4.134
-4.8
-5.204
-5.244
-5.067
-5.376
-5.825
-6.284
-6.404
-6.888
-7.688
-7.854
-8.244
-8.248
-6.609
-4.55
-2.752
-1.519
-0.46
0.279
0.837
0.905
0.545
0.026
-0.986
-2.42
-3.022
-3.085
-2.882
-2.898
-2.924
-3.022
-3.022
-3.253
-3.753
-4.204
-4.538
-4.915
-4.985
-4.553
-4.097
-3.74
-2.869
-1.786
-1.109
-1.169
-1.799
-2.431
-2.746
-2.719
-2.55
-1.792
-1.304
-1.042
-0.506
-0.48
-1.077
-1.447
-1.234
-1.012
-0.519
-0.577
-0.661
-0.222
-0.298
-0.209
-0.026
0.153
0.366
0.565
0.996
1.531
1.821
2.161
2.087
2.281
2.442
2.834
3.177
3.209
2.603
1.661
0.868
0.35
0.479
0.729
0.794
0.475
0.423
0.521
0.228
-0.371
-1.43
-2.56
-3.297
-3.467
-3.01
-2.773
-2.936
-3.166
-2.446
-1.546
-0.506
0.458
0.881
1.195
1.583
1.622
1.919
2.309
2.499
2.431
2.42
2.449
2.49
2.326
2.05
1.646
1.269
0.831
-0.052
-1.252
-2.365
-3.201
-4.176
-4.895
-5.167
-5.041
-5.211
-5.259
-4.96
-4.847
-4.554
-3.965
-2.858
-1.391
-0.126
0.313
0.14
-0.148
-0.323
-0.471
-0.818
-1.047
-0.933
-1.097
-1.097
-0.776
-0.807
-0.544
-0.504
-1.439
-2.708
-3.69
-4.278
-4.11
-4.116
-4.555
-5.087
-4.985
-4.437
-3.804
-3.142
-2.671
-2.409
-2.638
-2.926
-3.266
-3.844
-4.524
-4.865
-4.672
-4.792
-5.01
-4.947
-4.792
-4.335
-3.902
-4.195
-4.638
-5.1
-5.787
-6.349
-6.347
-6.018
-5.721
-5.512
-5.509
-5.854
-6
-6.188
-6.524
-7.169
-7.941
-8.66
-8.66
-7.328
-5.109
-2.571
-0.387
1.339
2.597
3.271
3.702
3.619
2.97
1.991
1.097
0.668
0.667
1.064
1.57
1.644
1.278
0.113
-1.459
-3.423
-5.198
-6.746
-7.644
-7.498
-6.703
-5.782
-5.063
-4.858
-4.019
-2.673
-0.969
0.017
0.819
1.449
1.278
0.829
0.24
-0.667
-1.474
-2.161
-3.117
-3.877
-4.367
-4.655
-4.993
-5.259
-5.237
-4.804
-4.579
-4.432
-4.324
-4.923
-5.752
-5.983
-5.933
-5.037
-3.829
-2.39
-0.962
0.628
1.509
2.093
2.874
3.419
3.015
1.1
-0.593
-1.653
-1.988
-2.261
-2.478
-2.846
-3.188
-3.588
-3.803
-3.979
-4.055
-4.317
-4.705
-4.614
-4.273
-4.073
-3.912
-3.731
-3.955
-4.269
-4.352
-4.544
-4.957
-5.752
-6.262
-6.554
-6.696
-6.511
-6.515
-6.569
-6.409
-6.083
-6.061
-6.236
-6.332
-6.409
-6.466
-6.214
-6.144
-6.274
-6.637
-7.256
-7.734
-7.612
-7.664
-7.564
-7.507
-7.617
-7.893
-7.874
-7.572
-7.056
-6.649
-6.65
-6.406
-5.695
-5.298
-5.518
-5.957
-6.439
-6.615
-6.295
-6.055
-5.878
-5.952
-6.236
-6.358
-6.678
-6.932
-7.456
-8.006
-8.536
-8.915
-9.142
-8.937
-8.774
-8.837
-9.063
-8.647
-7.347
-5.83
-4.487
-3.872
-3.582
-3.171
-2.935
-3.092
-3.824
-5.039
-5.926
-6.392
-6.327
-6.21
-5.89
-5.021
-3.829
-2.913
-2.242
-2.555
-3.384
-3.999
-4.465
-4.959
-5.481
-6.325
-6.746
-6.901
-7.583
-7.998
-8.018
-7.845
-7.702
-7.753
-7.581
-6.954
-5.693
-4.226
-2.797
-1.775
-1.042
-0.942
-1.306
-1.849
-2.379
-3.257
-3.92
-4.223
-4.478
-4.511
-4.425
-4.378
-4.095
-3.933
-3.964
-4.361
-5.019
-5.324
-5.276
-5.058
-4.888
-4.263
-3.539
-2.786
-2.309
-1.886
-1.988
-2.244
-2.468
-3.057
-3.92
-4.75
-5.285
-5.959
-6.473
-6.797
-6.488
-6.031
-6.009
-6.275
-6.519
-6.17
-5.187
-4.695
-4.246
-3.724
-3.066
-2.586
-2.192
-1.461
-0.769
-0.558
-0.534
-0.379
-0.576
-1.206
-1.551
-2.069
-2.769
-3.341
-4.23
-4.967
-5.586
-6.04
-5.9
-5.869
-5.544
-5.512
-5.944
-7.056
-7.908
-8.499
-8.649
-8.558
-8.603
-8.713
-9.048
-9.384
-9.251
-8.564
-7.365
-6.091
-4.603
-3.309
-2.44
-1.871
-1.672
-1.653
-1.456
-1.527
-1.762
-2.028
-2.576
-3.24
-3.912
-4.365
-4.641
-4.919
-5.675
-6.478
-7.023
-7.285
-6.768
-6.226
-5.909
-5.682
-5.464
-5.057
-4.928
-5.126
-5.957
-7.117
-7.892
-8.48
-8.644
-8.407
-8.507
-8.46
-7.832
-7.779
-8.219
-8.423
-7.898
-7.223
-6.928
-7.062
-7.049
-7.027
-7.287
-7.962
-9.016
-10.387
-11.512
-12.185
-12.399
-12.377
-12.27
-12.263
-11.759
-10.806
-9.982
-9.537
-10.064
-10.586
-10.413
-10.06
-9.846
-10.215
-11.198
-12.192
-12.755
-12.275
-11.403
-10.184
-8.861
-8.158
-8.394
-9.003
-9.619
-10.025
-10.553
-11.209
-11.642
-11.305
-10.792
-10.191
-9.112
-8.052
-7.025
-6.033
-5.415
-4.868
-4.489
-3.932
-3.563
-3.489
-3.341
-3.024
-2.891
-2.599
-2.051
-1.683
-0.994
-0.174
0.41
1.057
1.464
1.175
1.358
1.319
0.975
0.366
-0.204
-0.938
-1.369
-1.886
-2.363
-2.852
-3.284
-3.249
-3.249
-3.109
-3.46
-4.143
-4.603
-5.167
-5.714
-6.205
-6.268
-6.356
-6.201
-5.407
-4.11
-2.804
-1.999
-0.802
0.292
0.946
1.417
1.696
2.316
2.656
2.865
2.603
2.673
3.454
4.376
5.368
6.347
7.676
8.979
10.344
11.26
11.606
11.517
11.394
11.848
12.476
12.341
11.669
10.719
9.576
8.538
8.128
7.771
6.977
5.835
4.839
4.341
4.23
3.877
3.611
3.619
4.308
4.936
5.957
7.367
8.477
9.367
10.405
11.124
11.388
11.272
10.963
10.628
10.422
10.239
9.942
9.764
10.073
10.64
11.163
11.12
10.57
10.099
9.659
9.075
8.392
7.849
7.572
7.888
8.8
9.842
11.205
12.559
13.822
14.482
14.861
14.909
14.639
14.338
13.81
12.921
11.968
11.085
10.235
9.214
8.534
8.25
7.753
7.077
6.367
5.621
5.534
5.817
6.779
7.779
7.906
7.646
7.862
7.931
7.932
7.788
7.433
7.313
7.221
7.06
6.894
6.881
7.276
7.254
7.269
7.638
8.209
8.503
8.231
7.91
8.244
9.171
9.873
10.315
10.666
10.806
11.054
11.501
11.94
12.066
12.214
12.45
12.493
12.916
13.745
14.24
14.268
13.993
13.714
13.378
12.559
11.547
10.644
10.226
10.496
11.063
11.799
12.14
11.966
11.608
11.163
10.868
10.74
10.758
11.031
11.128
11.179
11.146
11.233
11.897
13.095
14.037
14.674
14.931
14.839
15.062
15.443
16.191
16.662
16.972
16.398
15.424
14.849
14.589
13.959
13.274
12.847
12.499
12.105
11.883
12.302
13.088
13.962
14.464
13.977
13.264
12.896
12.489
12.214
11.674
11.166
10.873
10.937
11.195
11.634
11.957
12.332
12.668
12.679
12.107
11.665
11.729
11.994
11.342
10.871
10.828
10.668
10.613
10.35
10.3
10.514
10.732
10.963
11.072
10.95
11.031
11.486
12.036
12.367
12.315
11.997
11.729
11.287
9.729
8.233
7.52
7.378
7.241
7.182
7.705
8.359
8.647
8.7
8.881
9.602
10.583
11.207
11.456
11.598
11.796
11.27
9.942
9.114
8.717
8.708
8.956
9.301
9.517
9.637
9.428
9.323
9.447
9.286
9.007
8.734
8.292
7.609
7.226
7.348
7.169
6.42
6.011
5.603
5.26
5.037
5.015
5.202
5.728
6.195
6.506
6.65
7.025
7.409
7.67
7.873
8.229
8.35
8.407
8.636
8.865
8.935
8.661
8.717
9.07
9.646
10.117
10.261
9.803
9.088
8.56
8.468
8.451
8.364
8.39
8.726
9.032
9.275
9.357
9.051
8.534
7.814
7.435
7.52
7.558
7.237
7.009
6.615
6.04
5.372
4.853
4.526
4.553
4.561
4.243
3.915
4.204
4.727
4.666
4.138
3.65
3.43
3.035
2.643
2.067
1.986
2.111
2.372
2.721
2.658
2.285
2.106
2.287
2.479
2.372
2.542
2.865
3.212
3.508
3.716
3.495
3.157
3.173
3.519
4.186
4.805
5.198
5.645
6.524
6.947
7.088
6.79
6.633
6.739
6.881
7.029
7.361
7.738
8.043
8.839
9.519
9.519
8.857
7.928
7.156
6.473
6.144
6.067
6.21
6.875
7.631
8.172
8.695
9.496
9.925
10.051
9.607
8.813
8.264
7.822
7.169
6.737
6.794
7.062
7.631
8.277
8.697
8.979
8.796
8.453
8.182
7.93
7.666
7.169
6.942
6.859
6.476
5.83
5.122
4.742
4.43
4.311
4.245
4.424
4.688
5.369
5.868
5.849
5.351
4.692
3.903
3.467
2.97
2.658
2.643
2.609
2.433
2.311
2.172
1.98
2.228
2.76
3.518
4.094
4.125
3.676
3.724
3.903
3.811
4.253
4.64
5.198
5.337
5.05
4.679
4.073
3.389
2.721
2.284
2.115
2.2
2.324
2.699
3.34
4.095
4.744
5.438
5.915
5.778
5.093
4.446
3.624
2.647
1.903
1.369
0.608
-0.225
-1.138
-1.866
-2.586
-3.17
-3.765
-4.522
-4.96
-4.983
-4.518
-3.988
-3.676
-3.279
-3.146
-3.062
-2.856
-2.913
-2.872
-2.499
-2.01
-1.688
-1.241
-0.348
0.299
0.353
0.177
0.249
0.837
1.821
2.612
2.922
3.349
3.637
3.735
3.94
4.276
4.654
4.936
4.596
3.796
2.659
1.06
-0.22
-0.85
-0.833
-0.75
-0.349
0.122
0.566
0.645
0.048
-0.621
-1.334
-2.311
-2.909
-3.202
-2.93
-2.265
-1.498
-0.551
0.235
1.162
2.464
3.885
4.282
4.277
4.448
4.629
4.278
3.491
3.066
3.135
3.301
3.874
4.555
5.255
5.589
5.556
6.036
6.599
6.541
6.34
6.415
6.681
6.484
5.887
5.529
4.864
4.191
3.672
3.105
2.73
2.539
2.638
2.782
2.542
2.167
2.063
2.459
2.623
2.334
2.477
2.555
2.425
2.456
2.189
2.034
2.13
2.32
2.913
3.096
2.904
2.695
2.42
2.398
2.531
2.549
2.588
2.392
2.176
2.401
2.721
2.721
3.209
3.929
4.557
4.609
4.473
4.692
5.287
5.728
5.95
5.429
4.116
2.348
1.535
1.428
1.183
0.874
0.767
0.99
1.19
1.31
1.212
0.86
0.885
1.099
1.051
0.497
-0.161
-0.862
-1.217
-1.339
-0.748
0.301
1.403
2.512
3.253
3.65
3.728
3.689
3.752
3.877
4.151
4.223
4.166
3.846
3.305
2.595
1.995
1.378
0.518
-0.074
-0.528
-1.097
-1.909
-2.289
-2.571
-3.238
-3.711
-4.278
-4.84
-4.973
-4.853
-4.464
-4.142
-3.9
-3.489
-3.244
-2.985
-2.899
-2.745
-2.494
-2.121
-1.947
-1.755
-1.183
-0.371
0.599
1.716
2.421
3.205
3.755
4.014
3.955
3.419
2.601
1.675
1.051
1.05
1.317
1.33
1.374
1.137
1.265
1.514
2.017
1.921
1.456
1.057
0.981
0.984
0.787
0.619
-0.19
-1.249
-1.884
-2.285
-2.381
-2.119
-1.751
-1.326
-0.754
-0.105
0.362
0.962
1.238
1.209
0.791
0.397
0.216
-0.033
-0.532
-1.109
-1.588
-2.322
-2.336
-1.777
-1.361
-1.072
-0.742
-0.081
0.344
0.34
0.297
0.12
-0.279
-0.277
-0.328
-0.652
-1.081
-1.294
-1.507
-2.092
-2.405
-2.542
-2.681
-2.812
-2.664
-2.592
-2.331
-2.093
-1.983
-2.302
-2.531
-2.821
-3.094
-3.493
-3.619
-3.659
-4.001
-4.446
-4.675
-4.638
-4.269
-3.94
-4.025
-4.284
-4.378
-4.271
-3.846
-3.291
-2.677
-1.742
-1.151
-1.053
-0.969
-1.003
-0.981
-1.15
-1.483
-1.917
-2.568
-3.223
-3.741
-3.941
-4.055
-4.272
-4.182
-3.353
-1.91
-0.475
0.955
2.163
3.07
3.65
3.794
3.493
3.115
2.717
1.967
0.689
-0.593
-1.583
-2.204
-2.603
-2.673
-2.25
-1.343
-0.467
0.36
0.41
0.074
-0.183
-0.501
-0.654
-0.658
-0.303
-0.362
-0.909
-1.862
-3.105
-3.748
-3.768
-3.561
-3.397
-3.176
-2.565
-1.531
-0.774
-0.335
-0.419
-0.312
-0.051
0.507
0.915
0.815
0.323
-0.303
-1.134
-1.736
-1.842
-1.731
-1.613
-1.74
-1.917
-1.903
-1.605
-0.863
0.02
0.558
1.101
1.474
1.143
0.566
-0.24
-0.953
-1.164
-1.404
-1.893
-2.458
-2.594
-2.64
-2.904
-3.31
-3.401
-3.182
-2.752
-2.288
-1.688
-1.334
-1.007
-0.882
-1.48
-1.878
-1.932
-2.065
-2.217
-2.106
-1.908
-1.569
-1.35
-1.374
-1.655
-1.967
-2.101
-1.936
-1.668
-1.201
-0.531
-0.488
-0.399
-0.009
0.496
0.81
0.965
1.389
2.023
2.761
2.669
2.117
1.753
1.43
1.016
0.658
0.629
0.497
0.829
1.746
2.479
1.919
1.005
0.636
0.68
0.689
0.755
0.627
0.257
-0.314
-0.718
-0.528
-0.194
-0.292
-0.798
-0.996
-1.073
-1.334
-1.592
-1.653
-1.385
-1.007
-1.12
-1.464
-1.722
-1.635
-1.404
-1.351
-1.166
-0.977
-0.87
-0.965
-1.256
-1.494
-1.749
-1.919
-2.017
-2.018
-1.862
-1.812
-1.785
-1.862
-1.938
-1.873
-1.718
-1.77
-1.753
-1.317
-0.738
-0.216
0.008
-0.007
-0.05
0.183
0.472
0.288
-0.423
-1.317
-1.962
-2.496
-2.64
-2.538
-2.355
-1.696
-1.256
-1.374
-1.742
-2.145
-2.829
-3.502
-3.622
-3.628
-3.798
-4.28
-4.875
-5.025
-4.984
-5.355
-5.743
-5.784
-5.067
-3.97
-3.414
-3.013
-2.257
-1.121
-0.257
0.999
2.316
2.853
2.374
1.594
1.204
0.685
-0.342
-1.395
-1.899
-1.781
-1.483
-1.352
-1.114
-0.715
-0.46
-0.153
0.319
0.807
0.774
0.58
0.305
0.231
0.486
0.322
-0.244
-0.771
-0.948
-0.539
-0.031
0.144
-0.061
-0.391
-0.737
-1.176
-1.334
-1.502
-1.988
-2.397
-2.692
-2.564
-2.576
-2.808
-2.959
-3.192
-3.535
-4.193
-4.651
-4.495
-4.21
-4.204
-4.476
-4.634
-4.535
-4.299
-4.116
-4.107
-4.076
-3.753
-2.793
-1.827
-1.48
-1.267
-0.854
-0.51
-0.436
-0.497
-0.206
0.364
1.212
1.914
2.647
3.382
3.89
4.045
4.212
4.095
3.951
3.842
3.537
2.948
2.452
2.274
2.137
1.919
1.814
1.81
1.945
2.83
4.435
5.63
6.177
6.502
6.602
6.593
6.415
6.07
5.479
4.291
3.157
2.256
1.347
1.156
1.295
1.91
2.45
2.694
3.504
4.353
5.194
6.018
6.628
6.733
6.552
6.537
6.646
6.995
7.213
6.818
6.183
6.061
5.769
5.651
5.237
4.897
4.775
4.949
5.002
4.579
4.212
3.882
3.253
2.77
2.893
3.441
3.933
4.038
3.576
3.057
2.542
2.514
2.721
2.717
1.898
0.696
-0.85
-2.457
-3.635
-4.71
-5.457
-6.109
-6.794
-6.886
-6.572
-6.455
-6.074
-5.176
-4.568
-4.363
-4.137
-3.94
-3.441
-2.909
-2.32
-1.778
-1.321
-0.957
-0.344
-0.192
-0.606
-0.585
-0.168
0.366
0.781
0.863
1.143
1.728
2.536
2.997
2.826
2.7
2.928
2.818
3.318
4.108
4.718
4.805
4.642
4.483
4.727
4.712
4.387
4.087
4.021
4.391
5.141
5.647
5.782
5.427
4.888
4.352
4.007
3.743
3.946
4.625
5.054
5.268
5.473
5.97
6.314
6.327
6.108
5.447
5.282
5.527
5.848
5.669
5.272
5.054
5.305
5.617
5.992
6.109
6.002
5.747
5.687
5.965
6.367
6.862
7.522
8.041
8.796
9.319
9.942
10.16
9.816
9.79
9.912
10.357
11.063
11.517
11.296
11.451
11.384
11.207
10.666
9.935
9.559
9.724
10.047
10.099
9.855
9.82
10.189
10.562
10.542
10.47
10.274
10.178
10.686
11.451
12.219
13.226
14.337
14.918
14.957
14.661
13.976
13.213
12.61
12.271
11.798
11.1
10.418
10.416
10.948
11.608
12.302
12.999
13.937
15.071
16.353
17.155
17.521
17.598
17.195
16.701
15.969
14.778
13.318
12.254
11.97
11.981
11.979
12.228
12.629
12.816
13.115
13.082
12.873
12.428
11.412
10.049
8.721
7.57
6.868
6.319
5.63
5.063
4.875
5.272
5.771
6.48
7.256
7.309
7.038
6.763
6.698
6.781
6.585
6.308
6.192
5.958
5.539
4.892
3.872
2.416
0.66
-1.109
-3.037
-4.579
-5.799
-6.358
-6.99
-7.614
-7.793
-8.065
-8.115
-8.044
-7.915
-7.605
-7.217
-6.951
-6.545
-5.883
-5.05
-4.442
-4.142
-3.818
-4.077
-4.573
-5.405
-6.654
-7.74
-8.211
-8.381
-8.181
-7.998
-8.787
-10.259
-11.65
-12.294
-12.607
-12.841
-12.635
-11.905
-11.172
-10.29
-9.176
-8.059
-7.09
-6.384
-5.653
-5.048
-4.847
-4.72
-4.984
-5.733
-6.284
-6.711
-6.844
-7.293
-8.1
-8.867
-9.171
-9.009
-8.877
-9.075
-8.878
-8.171
-7.225
-6.275
-5.215
-4.403
-4.232
-4.938
-6.205
-7.418
-8.119
-8.149
-7.737
-7.338
-7.37
-7.823
-8.137
-8.163
-8.015
-7.461
-6.502
-5.356
-4.304
-3.64
-3.498
-3.694
-3.999
-4.21
-4.509
-5.268
-6.567
-7.98
-8.848
-9
-8.743
-8.572
-8.712
-9.075
-9.506
-9.997
-10.418
-10.503
-10.614
-10.583
-10.636
-10.701
-10.98
-11.198
-11.224
-10.725
-10.142
-9.708
-9.253
-9.121
-9.31
-9.419
-9.589
-9.868
-9.798
-9.437
-8.838
-8.004
-7.068
-6.403
-5.444
-4.768
-4.435
-4.121
-4.291
-4.895
-5.891
-6.532
-7.264
-7.673
-7.734
-7.557
-6.742
-6.03
-5.915
-5.947
-6.558
-7.474
-7.793
-7.483
-6.822
-5.97
-4.973
-3.82
-2.625
-1.319
-0.456
-0.3
-0.133
0.002
-0.015
0.008
0.25
0.75
1.06
0.931
0.746
0.634
0.305
0.022
-0.423
-0.746
-0.887
-0.846
-0.658
-0.388
-0.022
0.098
-0.432
-1.195
-1.63
-1.751
-1.606
-1.831
-2.081
-2.08
-1.777
-1.291
-0.75
-0.419
-0.518
-1.007
-1.313
-1.34
-1.6
-1.736
-1.765
-1.587
-1.256
-1.095
-0.791
-0.262
0.281
0.292
0.052
-0.314
-0.723
-0.994
-1.426
-1.718
-2.35
-3.085
-3.733
-3.957
-3.694
-3.109
-2.155
-1.182
-0.366
0.359
1.003
1.35
1.454
1.361
1.47
1.286
0.898
0.593
0.501
0.955
1.116
1.188
1.099
0.977
0.458
-0.089
-0.336
-0.157
0.011
0.083
-0.025
-0.235
-0.379
-0.486
-0.462
-0.362
-0.164
0.4
1.068
1.827
2.159
2.028
1.564
0.975
0.425
0.528
0.898
1.114
0.994
0.785
1.238
1.531
1.62
1.491
1.197
0.467
0.311
0.868
1.28
0.829
0.336
-0.099
-0.336
-0.632
-0.99
-1.208
-1.524
-1.722
-2.311
-3.201
-3.794
-4.076
-3.556
-2.845
-2.203
-1.845
-1.749
-1.635
-1.528
-1.751
-1.604
-1.43
-1.369
-1.777
-2.555
-3.295
-3.554
-3.359
-3.037
-2.553
-2.172
-1.975
-1.997
-1.557
-1.103
-0.61
-0.595
-0.846
-1.73
-2.686
-3.401
-3.868
-3.67
-3.277
-2.959
-2.719
-2.742
-2.832
-2.817
-2.806
-2.865
-3.236
-3.358
-3.493
-3.286
-2.797
-2.345
-2.479
-2.692
-3.16
-3.566
-3.977
-4.923
-5.861
-6.162
-5.843
-4.906
-4.266
-4.198
-4.086
-3.67
-3.696
-4.003
-4.421
-4.74
-4.682
-4.229
-3.682
-3.48
-3.576
-3.685
-3.975
-4.186
-4.047
-3.85
-3.497
-3.244
-3.15
-2.673
-2.292
-2.193
-2.502
-3.066
-3.578
-4.042
-4.468
-5.01
-5.076
-4.627
-3.653
-2.647
-2.126
-1.98
-2.102
-2.003
-1.853
-1.378
-0.955
-0.375
0.131
0.477
1.071
1.362
1.265
0.994
0.318
-0.467
-1.081
-1.675
-2.405
-2.93
-3.039
-3.107
-3.134
-3.297
-3.096
-3.092
-3.081
-2.943
-2.677
-2.991
-3.715
-4.43
-5.266
-6.192
-6.733
-6.807
-6.962
-7.396
-7.518
-7.361
-6.937
-6.096
-4.954
-3.798
-3.052
-2.625
-2.8
-3.482
-4.452
-5.19
-5.318
-4.631
-3.532
-2.78
-2.507
-2.416
-2.394
-2.523
-2.759
-3.103
-3.48
-4.069
-4.926
-5.316
-5.505
-5.983
-6.275
-5.989
-5.715
-5.243
-5.139
-5.547
-5.492
-5.353
-5.119
-4.819
-4.263
-4.069
-3.733
-3.362
-3.349
-3.676
-3.74
-3.806
-3.567
-2.9
-2.286
-1.829
-1.701
-1.933
-2.163
-2.215
-2.42
-2.826
-3.066
-2.943
-2.616
-2.465
-2.882
-3.51
-4.659
-5.952
-7.039
-7.987
-8.495
-8.931
-9.188
-9.336
-8.998
-8.547
-8.185
-7.601
-7.313
-7.008
-6.633
-6.144
-5.569
-4.712
-4.086
-3.371
-2.603
-2.08
-1.461
-0.691
-0.057
0.178
0.147
0.062
0.057
-0.025
-0.192
-0.501
-0.842
-0.349
0.258
0.602
0.606
0.541
0.862
1.317
1.829
1.927
1.792
1.727
1.561
1.222
0.6
-0.06
-0.496
-0.521
-0.392
-0.174
-0.065
0.229
0.685
1.108
1.884
2.525
2.943
3.096
2.735
2.505
2.494
2.47
2.664
2.822
2.76
2.764
2.511
2.082
1.801
1.345
0.663
0.31
-0.01
-0.096
-0.191
0.17
0.358
0.464
0.523
0.506
0.491
0.762
1.19
1.618
1.842
1.72
1.38
1.204
0.358
-1.09
-2.172
-3.279
-4.051
-4.451
-4.387
-4.256
-4.391
-4.417
-4.135
-3.628
-3.047
-2.649
-2.573
-2.592
-2.588
-2.808
-3.541
-4.365
-4.714
-4.521
-4.004
-3.603
-3.486
-3.465
-3.667
-3.999
-4.218
-4.208
-3.796
-3.441
-2.872
-2.49
-2.021
-1.748
-1.604
-1.186
-0.999
-0.667
-0.397
-0.253
0.089
1.099
1.914
2.18
2.302
2.214
1.895
1.959
2.287
2.374
2.195
2.318
2.589
2.861
3.357
3.72
3.558
2.965
2.403
1.901
1.441
1.243
0.999
0.632
0.456
0.855
1.496
2.054
2.301
2.766
2.848
2.813
3.388
3.997
4.413
4.448
4.417
4.736
4.919
4.874
4.777
4.485
4.221
4.354
4.42
3.999
3.515
3.167
2.83
2.128
1.562
1.16
0.643
0.087
-0.44
-0.785
-1.672
-2.528
-3.676
-4.662
-5.377
-5.658
-5.839
-5.939
-5.975
-5.784
-5.267
-4.597
-3.58
-2.783
-1.949
-1.012
-0.111
0.783
1.491
2.076
2.525
2.597
2.374
1.831
1.487
1.317
1.086
0.717
0.324
-0.007
-0.177
-0.048
-0.168
-0.159
0.129
0.493
0.795
1.067
1.071
0.593
-0.02
-0.615
-0.855
-0.69
-0.8
-1.428
-2.176
-2.638
-2.972
-2.952
-2.834
-2.462
-2.054
-1.595
-1.212
-0.375
0.656
1.297
1.409
1.299
1.074
0.931
1.19
1.313
1.605
1.62
1.89
2.401
2.622
2.606
2.411
2.115
1.875
1.681
1.89
1.915
1.6
0.994
0.264
-0.996
-2.213
-2.61
-2.145
-1.535
-1.023
-0.774
-0.879
-1.308
-1.85
-2.487
-2.86
-2.895
-2.76
-2.643
-2.3
-1.925
-1.764
-2.036
-2.433
-2.365
-1.934
-1.5
-1.679
-1.971
-1.932
-1.781
-1.736
-1.835
-1.835
-1.461
-0.953
-0.522
-0.155
0.472
1.212
1.858
1.997
1.958
1.923
2.093
2.571
2.874
3.166
3.366
3.146
3.07
2.969
2.564
2.099
1.993
2.043
2.036
1.647
1.265
1.575
2.333
3.138
3.694
4.016
4.164
4.683
4.805
4.402
3.924
3.177
2.503
2.148
1.84
1.958
2.15
2.789
3.456
3.842
3.558
3.114
2.76
2.124
1.74
1.448
0.724
-0.349
-0.996
-0.835
0.318
1.436
2.084
2.405
2.516
2.793
3.357
3.724
3.65
2.967
1.775
0.75
-0.195
-1.308
-2.682
-3.781
-4.114
-3.545
-2.754
-2.333
-2.154
-2.228
-2.3
-2.357
-2.516
-2.644
-2.749
-2.909
-2.667
-2.143
-1.657
-1.46
-1.391
-1.337
-1.152
-0.819
-0.399
0.218
1.007
1.632
2.264
2.659
2.56
2.372
1.975
1.502
1.461
1.888
2.294
2.292
2.398
2.512
2.536
2.813
2.974
3.005
2.985
2.525
2.215
2.438
2.937
2.975
2.435
2.198
1.912
1.963
2.192
2.943
3.646
4.178
4.241
3.906
3.85
4.082
3.803
3.229
2.805
2.691
2.404
